1310	438	25
-0.3049800992012024	9.1163911819458	0.00925394892692566	0.22149980068206787	0.6038093566894531	1.0	14	0.0	0	0.0	0	-0.8812360763549805	0.4487275779247284	0.14854830503463745	0.09233377128839493	-0.1447952389717102	0.9851440191268921	0.46357035636901855	0.8818604946136475	0.08616609126329422
-0.6068900227546692	8.627137184143066	-0.3038575053215027	0.20394229888916016	0.6407566070556641	1.0	14	0.0	0	0.0	0	-0.8812360763549805	0.4487275779247284	0.14854830503463745	0.09233377873897552	-0.1447952687740326	0.9851441383361816	0.46357035636901855	0.8818604946136475	0.08616609871387482
-0.6068900227546692	8.530573844909668	-0.012163609266281128	0.22472882270812988	0.6444625854492188	1.0	14	0.0	0	0.0	0	-0.8812360763549805	0.4487275779247284	0.14854830503463745	0.09233377873897552	-0.1447952687740326	0.9851440787315369	0.46357032656669617	0.8818604350090027	0.08616609126329422
-0.6068900227546692	8.627137184143066	-0.3038575053215027	0.24897432327270508	0.022298812866210938	1.0	14	0.0	0	0.0	0	0.0	0.13682758808135986	-0.9905948638916016	-0.9094770550727844	-0.41184380650520325	-0.056886620819568634	-0.4157540202140808	0.9009233117103577	0.12444155663251877
0.2179497629404068	9.11976432800293	-0.23581254482269287	0.18331336975097656	0.014836311340332031	1.0	14	0.0	0	0.0	0	0.0	0.13682758808135986	-0.9905948638916016	-0.9094770550727844	-0.411843866109848	-0.05688662827014923	-0.4157540798187256	0.9009233117103577	0.12444154918193817
0.5198597311973572	8.627137184143066	-0.3038575053215027	0.17835378646850586	0.05426597595214844	1.0	14	0.0	0	0.0	0	0.0	0.13682758808135986	-0.9905948638916016	-0.9094771146774292	-0.411843866109848	-0.05688662827014923	-0.4157540798187256	0.9009233713150024	0.12444155663251877
0.5198597311973572	8.430773735046387	0.2893078029155731	0.15332704782485962	0.6459436416625977	1.0	14	0.0	0	0.0	0	0.9295291304588318	0.35965847969055176	0.08137106895446777	0.03336825221776962	0.13772277534008026	-0.9899086356163025	-0.3672356903553009	0.9228641390800476	0.11601616442203522
0.2179497629404068	9.106155395507812	0.7529542446136475	0.12749463319778442	0.5971965789794922	1.0	14	0.0	0	0.0	0	0.9295291304588318	0.35965847969055176	0.08137106895446777	0.033368248492479324	0.13772276043891907	-0.9899086356163025	-0.3672356903553009	0.9228641390800476	0.11601614952087402
0.5198597311973572	8.279582023620605	0.9575722217559814	0.10637969523668289	0.6497793197631836	1.0	14	0.0	0	0.0	0	0.9295291304588318	0.35965847969055176	0.08137106895446777	0.03336825221776962	0.13772276043891907	-0.9899085760116577	-0.3672356605529785	0.9228640794754028	0.11601614952087402
0.2179497629404068	9.106155395507812	0.7529542446136475	0.4215881824493408	0.6983838081359863	1.0	14	0.0	0	0.0	0	0.0	0.2402963638305664	0.9706995487213135	-0.9264471530914307	0.36539560556411743	-0.09045356512069702	-0.3764250576496124	-0.8993018269538879	0.222621887922287
-0.6068900227546692	8.279582023620605	0.9575722217559814	0.45509982109069824	0.6257920265197754	1.0	14	0.0	0	0.0	0	0.0	0.2402963638305664	0.9706995487213135	-0.9264471530914307	0.36539560556411743	-0.09045356512069702	-0.3764250576496124	-0.8993018269538879	0.222621887922287
0.5198597311973572	8.279582023620605	0.9575722217559814	0.3828928470611572	0.6537976264953613	1.0	14	0.0	0	0.0	0	0.0	0.2402963638305664	0.9706995487213135	-0.9264470934867859	0.36539557576179504	-0.09045355767011642	-0.37642499804496765	-0.8993017673492432	0.2226218730211258
0.24094714224338531	7.908426284790039	0.35106027126312256	0.22946296632289886	0.7059945464134216	0.5	14	0.5	13	0.0	0	0.0	-0.8907446265220642	-0.4545040726661682	0.011423995718359947	0.45447447896003723	-0.890686571598053	0.9999347925186157	-0.005192252807319164	0.010175863280892372
-0.23370777070522308	7.7006988525390625	0.7581679224967957	0.20019099116325378	0.7382752299308777	1.0	14	0.0	0	0.0	0	0.0	-0.8907446265220642	-0.4545040726661682	0.011423994787037373	0.45447444915771484	-0.8906865119934082	0.9999347925186157	-0.005192252341657877	0.010175862349569798
-0.3279774785041809	7.908426284790039	0.35106027126312256	0.22946296632289886	0.7451167702674866	0.5	14	0.5	13	0.0	0	0.0	-0.8907446265220642	-0.4545040726661682	0.011423993855714798	0.45447444915771484	-0.890686571598053	0.9999347925186157	-0.00519225187599659	0.010175861418247223
-0.3049800992012024	9.11290454864502	0.2625349164009094	0.17156696319580078	0.7389481663703918	1.0	14	0.0	0	0.0	0	0.0	0.9999052882194519	0.013760699890553951	-0.9999108910560608	0.00018366228323429823	-0.013345607556402683	-0.013346873223781586	-0.013759475201368332	0.9998162984848022
0.2179497629404068	9.106155395507812	0.7529542446136475	0.13611161708831787	0.7057873010635376	1.0	14	0.0	0	0.0	0	0.0	0.9999052882194519	0.013760699890553951	-0.9999110102653503	0.00018366231233812869	-0.013345608487725258	-0.013346872292459011	-0.013759475201368332	0.9998162984848022
0.2179497629404068	9.11290454864502	0.2625349164009094	0.13611161708831787	0.7394269108772278	1.0	14	0.0	0	0.0	0	0.0	0.9999052882194519	0.013760699890553951	-0.9999109506607056	0.00018366228323429823	-0.013345606625080109	-0.013346870429813862	-0.013759474270045757	0.9998162388801575
0.5198597311973572	8.279582023620605	0.9575722217559814	0.3828928470611572	0.6537976264953613	1.0	14	0.0	0	0.0	0	0.0	-0.3256832957267761	0.9454789757728577	-0.9278954863548279	0.35251274704933167	0.12142788618803024	-0.37284040451049805	-0.8773056864738464	-0.302200049161911
-0.23370777070522308	7.7006988525390625	0.7581679224967957	0.4160130023956299	0.597196102142334	1.0	14	0.0	0	0.0	0	0.0	-0.3256832957267761	0.9454789757728577	-0.9278954267501831	0.35251274704933167	0.12142787873744965	-0.37284040451049805	-0.8773056268692017	-0.302200049161911
0.14667744934558868	7.7006988525390625	0.7581679224967957	0.39163637161254883	0.6066503524780273	1.0	14	0.0	0	0.0	0	0.0	-0.3256832957267761	0.9454789757728577	-0.9278955459594727	0.35251274704933167	0.12142788618803024	-0.37284037470817566	-0.8773056268692017	-0.302200049161911
0.24094714224338531	7.908426284790039	0.35106027126312256	0.14355725049972534	0.6822929382324219	0.5	14	0.5	13	0.0	0	0.8492663502693176	-0.52325838804245	-0.07033777981996536	0.004262297879904509	0.1400151401758194	-0.9901402592658997	0.5279474854469299	0.8405929207801819	0.12114042043685913
0.5198597311973572	8.279582023620605	0.9575722217559814	0.10637969523668289	0.6497793197631836	1.0	14	0.0	0	0.0	0	0.8492663502693176	-0.52325838804245	-0.07033777981996536	0.004262291360646486	0.1400151252746582	-0.9901401996612549	0.5279475450515747	0.8405929207801819	0.12114041298627853
0.14667744934558868	7.7006988525390625	0.7581679224967957	0.11365412920713425	0.6929779052734375	1.0	14	0.0	0	0.0	0	0.8492663502693176	-0.52325838804245	-0.07033777981996536	0.004262291360646486	0.1400151252746582	-0.9901401996612549	0.5279475450515747	0.8405929207801819	0.12114041298627853
-0.6068900227546692	8.627137184143066	-0.3038575053215027	0.24897432327270508	0.022298812866210938	1.0	14	0.0	0	0.0	0	0.0	-0.18689103424549103	-0.9823806285858154	-0.9082878828048706	-0.41097491979599	0.07818508893251419	-0.4183458685874939	0.8922843933105469	-0.1697508543729782
0.14667744934558868	8.093910217285156	-0.20241481065750122	0.21689176559448242	0.0771169662475586	0.5	14	0.5	13	0.0	0	0.0	-0.18689103424549103	-0.9823806285858154	-0.9082878232002258	-0.4109748899936676	0.07818508893251419	-0.4183458685874939	0.8922843337059021	-0.1697508543729782
-0.23370777070522308	8.093910217285156	-0.20241481065750122	0.24073266983032227	0.06632423400878906	0.5	14	0.5	13	0.0	0	0.0	-0.18689103424549103	-0.9823806285858154	-0.9082878232002258	-0.41097491979599	0.07818509638309479	-0.4183458983898163	0.8922843337059021	-0.1697508543729782
-0.6068900227546692	8.530573844909668	-0.012163609266281128	0.22472882270812988	0.6444625854492188	1.0	14	0.0	0	0.0	0	-0.7850521206855774	-0.5346060991287231	-0.3128730058670044	-0.29011356830596924	-0.1289408653974533	0.9482660293579102	-0.5472909212112427	0.835206925868988	-0.05387118458747864
-0.23370777070522308	8.093910217285156	-0.20241481065750122	0.21751892566680908	0.67535400390625	0.5	14	0.5	13	0.0	0	-0.7850521206855774	-0.5346060991287231	-0.3128730058670044	-0.29011353850364685	-0.12894085049629211	0.9482659697532654	-0.5472908616065979	0.835206925868988	-0.05387118458747864
-0.280065655708313	8.002696990966797	0.06976112723350525	0.23675262928009033	0.6789741516113281	0.5	14	0.5	13	0.0	0	-0.7850521206855774	-0.5346060991287231	-0.3128730058670044	-0.29011353850364685	-0.12894085049629211	0.9482659697532654	-0.5472908616065979	0.835206925868988	-0.05387118458747864
-0.6068900227546692	8.279582023620605	0.9575722217559814	0.2931389808654785	0.6520147323608398	1.0	14	0.0	0	0.0	0	-0.8492663502693176	-0.52325838804245	-0.07033774256706238	0.006203854456543922	-0.14310547709465027	0.989687979221344	-0.5279282927513123	0.8400723338127136	0.12478088587522507
-0.3279774785041809	7.908426284790039	0.35106027126312256	0.2566312551498413	0.6827163696289062	0.5	14	0.5	13	0.0	0	-0.8492663502693176	-0.52325838804245	-0.07033774256706238	0.006203854456543922	-0.14310547709465027	0.989687979221344	-0.5279282927513123	0.8400723338127136	0.12478088587522507
-0.23370777070522308	7.7006988525390625	0.7581679224967957	0.2867175340652466	0.6926765441894531	1.0	14	0.0	0	0.0	0	-0.8492663502693176	-0.52325838804245	-0.07033774256706238	0.006203854456543922	-0.14310547709465027	0.989687979221344	-0.5279282927513123	0.8400723338127136	0.12478088587522507
0.1930353343486786	8.002696990966797	0.06976112723350525	0.163504958152771	0.6788501739501953	0.5	14	0.5	13	0.0	0	0.8261540532112122	-0.47665292024612427	-0.3004520833492279	-0.25737181305885315	0.15511663258075714	-0.953781247138977	0.5012277364730835	0.8652981519699097	0.005473211407661438
0.5198597311973572	8.430773735046387	0.2893078029155731	0.15332704782485962	0.6459436416625977	1.0	14	0.0	0	0.0	0	0.8261540532112122	-0.47665292024612427	-0.3004520833492279	-0.25737181305885315	0.15511661767959595	-0.953781247138977	0.5012277364730835	0.8652981519699097	0.0054731969721615314
0.24094714224338531	7.908426284790039	0.35106027126312256	0.14355725049972534	0.6822929382324219	0.5	14	0.5	13	0.0	0	0.8261540532112122	-0.47665292024612427	-0.3004520833492279	-0.25737181305885315	0.15511660277843475	-0.9537811875343323	0.5012276768684387	0.8652980923652649	0.005473181139677763
-0.3049800992012024	9.1163911819458	0.00925394892692566	0.17156696319580078	0.7563216090202332	1.0	14	0.0	0	0.0	0	0.0	0.9999052882194519	0.01376456767320633	-0.9999108910560608	0.00018371384066995233	-0.013345601968467236	-0.013346866704523563	-0.01376334112137556	0.9998161792755127
0.2179497629404068	9.11290454864502	0.2625349164009094	0.13611161708831787	0.7394269108772278	1.0	14	0.0	0	0.0	0	0.0	0.9999052882194519	0.01376456767320633	-0.9999108910560608	0.00018371388432569802	-0.01334560476243496	-0.013346869498491287	-0.01376334112137556	0.9998161792755127
0.2179497629404068	9.1163911819458	0.00925394892692566	0.13611161708831787	0.7568003535270691	1.0	14	0.0	0	0.0	0	0.0	0.9999052882194519	0.01376456767320633	-0.9999109506607056	0.00018371394253335893	-0.013345608487725258	-0.013346873223781586	-0.013763342052698135	0.9998162388801575
0.14667744934558868	8.093910217285156	-0.20241481065750122	0.21689176559448242	0.0771169662475586	0.5	14	0.5	13	0.0	0	0.0	0.60747230052948	-0.7943408489227295	-0.8683688044548035	-0.39392876625061035	-0.30125707387924194	-0.49591904878616333	0.6897808313369751	0.5275099873542786
-0.33587151765823364	7.691056728363037	-0.5104970932006836	0.25850534439086914	0.0886220932006836	0.5	13	0.5	11	0.0	0	0.0	0.60747230052948	-0.7943408489227295	-0.8683687448501587	-0.39392873644828796	-0.30125707387924194	-0.49591901898384094	0.6897807717323303	0.5275099873542786
-0.23370777070522308	8.093910217285156	-0.20241481065750122	0.24073266983032227	0.06632423400878906	0.5	14	0.5	13	0.0	0	0.0	0.60747230052948	-0.7943408489227295	-0.8683687448501587	-0.39392876625061035	-0.30125710368156433	-0.49591904878616333	0.6897807717323303	0.5275099873542786
0.5198597311973572	8.530573844909668	-0.012163609266281128	0.17480584979057312	0.6420679092407227	1.0	14	0.0	0	0.0	0	0.9042013883590698	0.40546634793281555	0.1342269629240036	0.08681438863277435	0.13323241472244263	-0.987275242805481	-0.4181903004646301	0.9043484926223755	0.08526862412691116
0.2179497629404068	9.11290454864502	0.2625349164009094	0.16095957159996033	0.6014595031738281	1.0	14	0.0	0	0.0	0	0.9042013883590698	0.40546634793281555	0.1342269629240036	0.08681440353393555	0.13323242962360382	-0.9872753024101257	-0.4181903004646301	0.9043485522270203	0.08526862412691116
0.5198597311973572	8.430773735046387	0.2893078029155731	0.15332704782485962	0.6459436416625977	1.0	14	0.0	0	0.0	0	0.9042013883590698	0.40546634793281555	0.1342269629240036	0.08681438863277435	0.13323241472244263	-0.987275242805481	-0.4181903004646301	0.9043484926223755	0.08526862412691116
-0.3049800992012024	9.106155395507812	0.7529542446136475	0.2721564769744873	0.5971965789794922	1.0	14	0.0	0	0.0	0	-0.9295292496681213	0.35965844988822937	0.08137104660272598	0.03098730370402336	-0.14370138943195343	0.9891358613967896	0.36744415760040283	0.9219520688056946	0.12242978811264038
-0.6068900227546692	8.430773735046387	0.2893078029155731	0.24621212482452393	0.6482925415039062	1.0	14	0.0	0	0.0	0	-0.9295292496681213	0.35965844988822937	0.08137104660272598	0.03098730370402336	-0.14370138943195343	0.9891358613967896	0.36744415760040283	0.9219520688056946	0.12242978811264038
-0.6068900227546692	8.279582023620605	0.9575722217559814	0.2931389808654785	0.6520147323608398	1.0	14	0.0	0	0.0	0	-0.9295292496681213	0.35965844988822937	0.08137104660272598	0.030987299978733063	-0.14370138943195343	0.9891359210014343	0.36744415760040283	0.9219521284103394	0.12242978811264038
-0.3546469807624817	7.584563732147217	0.23057299852371216	0.7493367195129395	0.4969201683998108	0.5	13	0.5	11	0.0	0	0.0	0.6134482026100159	0.7897350192070007	-0.9593286514282227	-0.22293555736541748	0.1731712818145752	0.28229162096977234	-0.7576154470443726	0.5884984135627747
0.23400725424289703	6.72761344909668	0.896232545375824	0.7235126495361328	0.434974730014801	1.0	11	0.0	0	0.0	0	0.0	0.6134482026100159	0.7897350192070007	-0.9593287706375122	-0.22293515503406525	0.17317096889019012	0.28229111433029175	-0.7576155066490173	0.5884985327720642
0.2676166892051697	7.584563732147217	0.23057299852371216	0.7075257301330566	0.4879060983657837	0.5	13	0.5	11	0.0	0	0.0	0.6134482026100159	0.7897350192070007	-0.9593284726142883	-0.22293585538864136	0.1731715202331543	0.2822920083999634	-0.7576152682304382	0.5884983539581299
-0.23370777070522308	8.093910217285156	-0.20241481065750122	0.21751892566680908	0.67535400390625	0.5	14	0.5	13	0.0	0	-0.969950795173645	0.22629371285438538	-0.08936827629804611	-0.12286308407783508	-0.13852906227111816	0.9827076196670532	0.2100004404783249	0.9641581177711487	0.16216953098773956
-0.34510451555252075	7.638688087463379	-0.14606973528862	0.2254490852355957	0.7059946060180664	0.5	13	0.5	11	0.0	0	-0.969950795173645	0.22629371285438538	-0.08936827629804611	-0.12286309897899628	-0.13852910697460175	0.9827077388763428	0.2100004404783249	0.9641581177711487	0.16216954588890076
-0.280065655708313	8.002696990966797	0.06976112723350525	0.23675262928009033	0.6789741516113281	0.5	14	0.5	13	0.0	0	-0.969950795173645	0.22629371285438538	-0.08936827629804611	-0.12286309152841568	-0.13852907717227936	0.9827077388763428	0.2100004404783249	0.9641581177711487	0.16216951608657837
0.1930353343486786	8.002696990966797	0.06976112723350525	0.163504958152771	0.6788501739501953	0.5	14	0.5	13	0.0	0	0.9844417572021484	0.17571097612380981	0.00030847120797261596	-0.025070253759622574	0.14219623804092407	-0.9895210266113281	-0.17391356825828552	0.9741180539131165	0.14438901841640472
0.2676166892051697	7.584563732147217	0.23057299852371216	0.14875006675720215	0.7053089141845703	0.5	13	0.5	11	0.0	0	0.9844417572021484	0.17571097612380981	0.00030847120797261596	-0.025070251896977425	0.14219623804092407	-0.9895209670066833	-0.17391356825828552	0.9741179943084717	0.14438903331756592
0.25807416439056396	7.638688087463379	-0.14606973528862	0.1748945116996765	0.7053089141845703	0.5	13	0.5	11	0.0	0	0.9844417572021484	0.17571097612380981	0.00030847120797261596	-0.025070255622267723	0.14219625294208527	-0.9895210266113281	-0.17391356825828552	0.9741180539131165	0.1443890482187271
-0.3279774785041809	7.908426284790039	0.35106027126312256	0.7429966926574707	0.5189509987831116	0.5	14	0.5	13	0.0	0	0.0	-0.34868359565734863	0.9372405409812927	-0.9759656190872192	-0.2042478770017624	-0.07598677277565002	0.21792471408843994	-0.9147145748138428	-0.3403032124042511
0.2676166892051697	7.584563732147217	0.23057299852371216	0.7075257301330566	0.4879060983657837	0.5	13	0.5	11	0.0	0	0.0	-0.34868359565734863	0.9372405409812927	-0.9759656190872192	-0.2042478621006012	-0.07598677277565002	0.21792468428611755	-0.9147144556045532	-0.3403031826019287
0.24094714224338531	7.908426284790039	0.35106027126312256	0.7047696113586426	0.5107096433639526	0.5	14	0.5	13	0.0	0	0.0	-0.34868359565734863	0.9372405409812927	-0.9759656190872192	-0.2042478621006012	-0.07598677277565002	0.21792468428611755	-0.9147144556045532	-0.3403031826019287
0.2808615565299988	7.014982223510742	-0.6124135255813599	0.2390122413635254	0.14847564697265625	1.0	11	0.0	0	0.0	0	0.11642304062843323	-0.25701162219047546	-0.959369957447052	-0.9110090732574463	-0.412386417388916	-7.750185613986105e-05	-0.3956112265586853	0.8740037679672241	-0.2821511924266815
0.6883199214935303	6.117048263549805	-0.3224138021469116	0.23900604248046875	0.21636581420898438	1.0	11	0.0	0	0.0	0	0.11642304062843323	-0.25701162219047546	-0.959369957447052	-0.9110090136528015	-0.412386417388916	-7.74947038735263e-05	-0.3956112265586853	0.8740037083625793	-0.2821511924266815
0.1749853640794754	6.10109806060791	-0.3804358243942261	0.2716212272644043	0.2027912139892578	1.0	11	0.0	0	0.0	0	0.11642304062843323	-0.25701162219047546	-0.959369957447052	-0.9110090732574463	-0.412386417388916	-7.750184886390343e-05	-0.3956112265586853	0.8740037083625793	-0.2821511924266815
0.2808615565299988	7.014982223510742	-0.6124135255813599	0.2390122413635254	0.14847564697265625	1.0	11	0.0	0	0.0	0	0.1104033812880516	0.05644991993904114	-0.992282509803772	-0.9038628935813904	-0.4094998240470886	-0.1238616555929184	-0.4133315086364746	0.9105620980262756	0.005812820512801409
1.0423915386199951	7.555934906005859	-0.4969099164009094	0.17595720291137695	0.13619709014892578	0.5	16	0.5	11	0.0	0	0.1104033812880516	0.05644991993904114	-0.992282509803772	-0.9038628935813904	-0.4094998240470886	-0.1238616555929184	-0.4133315086364746	0.9105620980262756	0.005812820512801409
1.1028001308441162	7.04052209854126	-0.51951003074646	0.18678951263427734	0.1702108383178711	0.5	16	0.5	11	0.0	0	0.1104033812880516	0.05644991993904114	-0.992282509803772	-0.9038628935813904	-0.4094998240470886	-0.1238616555929184	-0.4133315086364746	0.9105620980262756	0.005812820512801409
-0.3210375905036926	6.72761344909668	0.896232545375824	0.7608070373535156	0.44301503896713257	1.0	11	0.0	0	0.0	0	-0.7951748967170715	-0.009389741346240044	0.6063075065612793	-0.6048042178153992	-0.059761423617601395	-0.7941287755966187	0.04369046166539192	-0.9981684684753418	0.04184182360768318
-0.919623613357544	7.416217803955078	0.12184864282608032	0.7895832061767578	0.4931756854057312	0.5	21	0.5	11	0.0	0	-0.7951748967170715	-0.009389741346240044	0.6063075065612793	-0.6048041582107544	-0.059761419892311096	-0.7941287755966187	0.043690457940101624	-0.9981684684753418	0.04184181988239288
-0.991101861000061	6.939927101135254	0.02072840929031372	0.8012056350708008	0.4616989493370056	0.5	21	0.5	11	0.0	0	-0.7951748967170715	-0.009389741346240044	0.6063075065612793	-0.6048042178153992	-0.059761423617601395	-0.7941288352012634	0.043690457940101624	-0.9981685280799866	0.04184182360768318
0.24884121119976044	7.691056728363037	-0.5104970932006836	0.22185754776000977	0.10521125793457031	0.5	13	0.5	11	0.0	0	0.0	0.14906315505504608	-0.9888277649879456	-0.9091888666152954	-0.4117319881916046	-0.06206750497221947	-0.4163839519023895	0.8990311026573181	0.13552655279636383
-0.36789190769195557	7.014982223510742	-0.6124135255813599	0.27967357635498047	0.13006973266601562	1.0	11	0.0	0	0.0	0	0.0	0.14906315505504608	-0.9888277649879456	-0.9091889262199402	-0.411732017993927	-0.06206750497221947	-0.4163839817047119	0.8990311622619629	0.13552655279636383
-0.33587151765823364	7.691056728363037	-0.5104970932006836	0.25850534439086914	0.0886220932006836	0.5	13	0.5	11	0.0	0	0.0	0.14906315505504608	-0.9888277649879456	-0.9091889262199402	-0.411732017993927	-0.06206750497221947	-0.4163839817047119	0.8990311622619629	0.13552655279636383
1.019350528717041	7.526157379150391	-0.22930467128753662	0.07552087306976318	0.8014657497406006	0.5	16	0.5	11	0.0	0	0.089144267141819	0.9914019703865051	0.0957893654704094	0.00462225079536438	-0.09658298641443253	0.9953142404556274	0.9960079789161682	-0.08828378468751907	-0.013192327693104744
2.0779521465301514	7.414177894592285	-0.05550232529640198	0.08851802349090576	0.7286415100097656	1.0	16	0.0	0	0.0	0	0.089144267141819	0.9914019703865051	0.0957893654704094	0.00462225079536438	-0.09658298641443253	0.9953142404556274	0.9960079789161682	-0.08828378468751907	-0.01319232676178217
2.085740089416504	7.4343109130859375	-0.2711229920387268	0.07362198829650879	0.7280364036560059	1.0	16	0.0	0	0.0	0	0.089144267141819	0.9914019703865051	0.0957893654704094	0.004622250329703093	-0.09658297896385193	0.9953141808509827	0.996008038520813	-0.08828378468751907	-0.013192327693104744
0.25807416439056396	7.638688087463379	-0.14606973528862	0.08022856712341309	0.8545050621032715	0.5	13	0.5	11	0.0	0	0.15823525190353394	0.9797552227973938	0.12264333665370941	-0.00013354240218177438	-0.12418695539236069	0.9922589063644409	0.9874014258384705	-0.15702669322490692	-0.01951991207897663
0.9955373406410217	7.495382308959961	0.04727065563201904	0.09465527534484863	0.8031222820281982	0.5	16	0.5	11	0.0	0	0.15823525190353394	0.9797552227973938	0.12264333665370941	-0.00013354358088690788	-0.12418695539236069	0.9922589063644409	0.9874014258384705	-0.15702669322490692	-0.01951991207897663
1.019350528717041	7.526157379150391	-0.22930467128753662	0.07552087306976318	0.8014657497406006	0.5	16	0.5	11	0.0	0	0.15823525190353394	0.9797552227973938	0.12264333665370941	-0.00013354358088690788	-0.12418695539236069	0.9922589063644409	0.9874014258384705	-0.15702669322490692	-0.01951991207897663
0.2676166892051697	7.584563732147217	0.23057299852371216	0.7075257301330566	0.4879060983657837	0.5	13	0.5	11	0.0	0	0.2425430566072464	-0.01410771906375885	0.9700379967689514	-0.9459334015846252	-0.22541099786758423	0.23323780298233032	0.21536676585674286	-0.9741615653038025	-0.06801683455705643
1.055945873260498	6.979969501495361	0.024670541286468506	0.6630802154541016	0.43475157022476196	0.5	16	0.5	11	0.0	0	0.2425430566072464	-0.01410771906375885	0.9700379967689514	-0.9459334015846252	-0.22541099786758423	0.23323780298233032	0.21536676585674286	-0.9741615653038025	-0.06801683455705643
0.9955373406410217	7.495382308959961	0.04727065563201904	0.6596097946166992	0.47028911113739014	0.5	16	0.5	11	0.0	0	0.2425430566072464	-0.01410771906375885	0.9700379967689514	-0.9459334015846252	-0.22541099786758423	0.23323780298233032	0.21536676585674286	-0.9741615653038025	-0.06801683455705643
1.055945873260498	6.979969501495361	0.024670541286468506	0.6663808822631836	0.995015561580658	0.5	16	0.5	11	0.0	0	0.706454873085022	-0.38553234934806824	0.5935372114181519	-0.6266704201698303	0.04903208091855049	0.7777403593063354	-0.32894641160964966	-0.9213906526565552	-0.20696276426315308
0.1457229107618332	6.278756141662598	0.6525857448577881	0.7108819484710693	0.9419854879379272	1.0	11	0.0	0	0.0	0	0.706454873085022	-0.38553234934806824	0.5935372114181519	-0.6266704201698303	0.049032095819711685	0.7777404189109802	-0.32894644141197205	-0.9213907122612	-0.20696276426315308
0.6590575575828552	6.101912498474121	-0.07327726483345032	0.6602158546447754	0.9326019883155823	1.0	11	0.0	0	0.0	0	0.706454873085022	-0.38553234934806824	0.5935372114181519	-0.6266704201698303	0.04903208091855049	0.7777403593063354	-0.32894641160964966	-0.9213906526565552	-0.20696276426315308
-1.0091898441314697	7.039219379425049	-0.5250445604324341	0.3191971778869629	0.11037063598632812	0.5	21	0.5	11	0.0	0	0.056408289819955826	0.04635102301836014	-0.9973313212394714	-0.9086649417877197	-0.41152775287628174	-0.07051916420459747	-0.41369813680648804	0.9102178812026978	0.018903974443674088
-2.055582284927368	7.458180904388428	-0.564756453037262	0.37288665771484375	0.054416656494140625	1.0	21	0.0	0	0.0	0	0.056408289819955826	0.04635102301836014	-0.9973313212394714	-0.9086649417877197	-0.41152775287628174	-0.07051916420459747	-0.41369813680648804	0.9102178812026978	0.018903974443674088
-0.9455872774124146	7.477294921875	-0.5010876655578613	0.30278682708740234	0.08472251892089844	0.5	21	0.5	11	0.0	0	0.056408289819955826	0.04635102301836014	-0.9973313212394714	-0.9086650013923645	-0.41152775287628174	-0.07051916420459747	-0.41369813680648804	0.9102178812026978	0.018903976306319237
-0.9986460208892822	7.009442329406738	-0.2566561698913574	0.5892990827560425	0.998009204864502	0.5	21	0.5	11	0.0	0	-0.9235843420028687	-0.38249215483665466	0.02629988081753254	-0.029675692319869995	0.002927695866674185	-0.9995552897453308	0.38224509358406067	-0.9239541888237	-0.014054695144295692
-0.6307049989700317	6.11623477935791	-0.3258702754974365	0.5923844575881958	0.937049150466919	1.0	11	0.0	0	0.0	0	-0.9235843420028687	-0.38249215483665466	0.02629988081753254	-0.029675692319869995	0.002927695866674185	-0.9995552897453308	0.38224509358406067	-0.9239541888237	-0.014054695144295692
-0.6241199374198914	6.108791828155518	-0.2028663158416748	0.583908200263977	0.9365658760070801	1.0	11	0.0	0	0.0	0	-0.9235843420028687	-0.38249215483665466	0.02629988081753254	-0.029675696045160294	0.002927695168182254	-0.9995553493499756	0.3822450637817383	-0.9239541292190552	-0.014054694212973118
-0.36789190769195557	7.014982223510742	-0.6124135255813599	0.27967357635498047	0.13006973266601562	1.0	11	0.0	0	0.0	0	-0.0684659406542778	0.15188322961330414	-0.9860243201255798	-0.9110056161880493	-0.41239386796951294	-0.00026658570277504623	-0.40667083859443665	0.8982553482055664	0.16660138964653015
-0.9455872774124146	7.477294921875	-0.5010876655578613	0.30278682708740234	0.08472251892089844	0.5	21	0.5	11	0.0	0	-0.0684659406542778	0.15188322961330414	-0.9860243201255798	-0.9110056161880493	-0.4123938977718353	-0.00026658570277504623	-0.40667086839675903	0.8982553482055664	0.16660140454769135
-0.33587151765823364	7.691056728363037	-0.5104970932006836	0.25850534439086914	0.0886220932006836	0.5	13	0.5	11	0.0	0	-0.0684659406542778	0.15188322961330414	-0.9860243201255798	-0.9110056161880493	-0.4123938977718353	-0.0002665857318788767	-0.4066709280014038	0.898255467414856	0.16660140454769135
-0.33587151765823364	7.691056728363037	-0.5104970932006836	0.0034776926040649414	0.5971962213516235	0.5	13	0.5	11	0.0	0	-0.31669142842292786	0.9399809241294861	0.12705276906490326	-0.010303420946002007	-0.13734838366508484	0.9904691576957703	0.9484726190567017	0.31236404180526733	0.053182072937488556
-0.9328194260597229	7.447259902954102	-0.19475358724594116	0.026771068572998047	0.6351300477981567	0.5	21	0.5	11	0.0	0	-0.31669142842292786	0.9399809241294861	0.12705276906490326	-0.010303421877324581	-0.13734839856624603	0.9904692769050598	0.9484727382659912	0.31236404180526733	0.05318208038806915
-0.34510451555252075	7.638688087463379	-0.14606973528862	0.028777718544006348	0.5975439548492432	0.5	13	0.5	11	0.0	0	-0.31669142842292786	0.9399809241294861	0.12705276906490326	-0.010303420946002007	-0.13734839856624603	0.9904692769050598	0.9484727382659912	0.31236404180526733	0.05318208038806915
2.0960898399353027	6.958708763122559	-0.08945414423942566	0.5933070182800293	0.4175760746002197	1.0	16	0.0	0	0.0	0	-0.2549428641796112	-0.08197221904993057	0.9634753465652466	-0.9468511939048767	-0.1809656172990799	-0.26594048738479614	0.19615565240383148	-0.9800674319267273	-0.0314796008169651
2.167354106903076	7.437540531158447	-0.02985820174217224	0.5815901756286621	0.44897735118865967	1.0	17	0.0	0	0.0	0	-0.2549428641796112	-0.08197221904993057	0.9634753465652466	-0.9468511939048767	-0.1809655874967575	-0.26594048738479614	0.1961556226015091	-0.9800674319267273	-0.0314796082675457
2.0779521465301514	7.414177894592285	-0.05550232529640198	0.5878958702087402	0.44855374097824097	1.0	16	0.0	0	0.0	0	-0.2549428641796112	-0.08197221904993057	0.9634753465652466	-0.9468511343002319	-0.1809655874967575	-0.26594045758247375	0.1961556226015091	-0.9800673723220825	-0.0314796082675457
1.1028001308441162	7.04052209854126	-0.51951003074646	0.18678951263427734	0.1702108383178711	0.5	16	0.5	11	0.0	0	0.008866635151207447	0.07468441873788834	-0.9971678256988525	-0.9102733731269836	-0.4121702313423157	-0.03896411135792732	-0.41391292214393616	0.9080407619476318	0.06432867795228958
2.093275785446167	7.453790664672852	-0.47975051403045654	0.11299276351928711	0.17241764068603516	1.0	16	0.0	0	0.0	0	0.008866635151207447	0.07468441873788834	-0.9971678256988525	-0.9102733135223389	-0.4121702313423157	-0.038964107632637024	-0.41391292214393616	0.9080407023429871	0.06432867050170898
2.1114137172698975	6.998321056365967	-0.5137023329734802	0.1247715950012207	0.20147323608398438	1.0	16	0.0	0	0.0	0	0.008866635151207447	0.07468441873788834	-0.9971678256988525	-0.9102733135223389	-0.41217026114463806	-0.03896411135792732	-0.41391295194625854	0.9080407023429871	0.06432867050170898
1.1028001308441162	7.04052209854126	-0.51951003074646	0.3451049327850342	0.5982725024223328	0.5	16	0.5	11	0.0	0	-0.03682954981923103	-0.9928383827209473	-0.11364646255970001	-0.05688069015741348	-0.11145654320716858	0.9921401739120483	-0.9977014660835266	0.043004363775253296	-0.052368439733982086
2.1038782596588135	6.978841304779053	-0.3050748109817505	0.3562889099121094	0.6679409146308899	1.0	16	0.0	0	0.0	0	-0.03682954981923103	-0.9928383827209473	-0.11364646255970001	-0.056880682706832886	-0.11145653575658798	0.9921401143074036	-0.9977015256881714	0.043004363775253296	-0.052368439733982086
1.079759120941162	7.010745048522949	-0.25190478563308716	0.36368751525878906	0.5977432131767273	0.5	16	0.5	11	0.0	0	-0.03682954981923103	-0.9928383827209473	-0.11364646255970001	-0.056880686432123184	-0.11145653575658798	0.9921401143074036	-0.9977015256881714	0.043004363775253296	-0.052368443459272385
1.055945873260498	6.979969501495361	0.024670541286468506	0.6630802154541016	0.43475157022476196	0.5	16	0.5	11	0.0	0	0.09202881902456284	-0.03285255283117294	0.9952142238616943	-0.9725027680397034	-0.21769744157791138	0.08274234086275101	0.21393729746341705	-0.9754632711410522	-0.05198363959789276
2.0779521465301514	7.414177894592285	-0.05550232529640198	0.5878958702087402	0.44855374097824097	1.0	16	0.0	0	0.0	0	0.09202881902456284	-0.03285255283117294	0.9952142238616943	-0.9725027084350586	-0.2176973968744278	0.08274234086275101	0.21393728256225586	-0.975463330745697	-0.05198363959789276
0.9955373406410217	7.495382308959961	0.04727065563201904	0.6596097946166992	0.47028911113739014	0.5	16	0.5	11	0.0	0	0.09202881902456284	-0.03285255283117294	0.9952142238616943	-0.9725027084350586	-0.2176973968744278	0.08274234086275101	0.21393728256225586	-0.975463330745697	-0.05198363959789276
2.2040352821350098	6.981670379638672	-0.5321451425552368	0.11943531036376953	0.2051410675048828	1.0	17	0.0	0	0.0	0	0.20312514901161194	0.12288380414247513	-0.9714111685752869	-0.8850671052932739	-0.4012959599494934	-0.23583438992500305	-0.4188036024570465	0.9076679348945618	0.027247104793787003
3.3477060794830322	7.256018161773682	-0.25829488039016724	0.0400242805480957	0.2204418182373047	0.5	18	0.5	17	0.0	0	0.20312514901161194	0.12288380414247513	-0.9714111685752869	-0.8850670456886292	-0.401295930147171	-0.23583437502384186	-0.4188036322593689	0.9076679944992065	0.0272471085190773
3.357353448867798	7.097317695617676	-0.27635324001312256	0.043918609619140625	0.23065948486328125	0.5	18	0.5	17	0.0	0	0.20312514901161194	0.12288380414247513	-0.9714111685752869	-0.8850671052932739	-0.4012959599494934	-0.23583438992500305	-0.4188036024570465	0.9076679348945618	0.027247104793787003
2.0779521465301514	7.414177894592285	-0.05550232529640198	0.08851802349090576	0.7286415100097656	1.0	16	0.0	0	0.0	0	-0.2733408510684967	0.9586151838302612	0.07963546365499496	0.007357603404670954	-0.0807022750377655	0.9967111349105835	0.9618890881538391	0.2730277478694916	0.015006115660071373
2.175891637802124	7.4596099853515625	-0.26622533798217773	0.07382488250732422	0.7222228050231934	1.0	17	0.0	0	0.0	0	-0.2733408510684967	0.9586151838302612	0.07963546365499496	0.007357602007687092	-0.0807022675871849	0.9967111349105835	0.9618890881538391	0.2730277478694916	0.015006116591393948
2.085740089416504	7.4343109130859375	-0.2711229920387268	0.07362198829650879	0.7280364036560059	1.0	16	0.0	0	0.0	0	-0.2733408510684967	0.9586151838302612	0.07963546365499496	0.007357604801654816	-0.0807022675871849	0.9967110753059387	0.9618891477584839	0.27302777767181396	0.015006114728748798
2.093275785446167	7.453790664672852	-0.47975051403045654	0.11299276351928711	0.17241764068603516	1.0	16	0.0	0	0.0	0	-0.18347081542015076	0.06580645591020584	-0.9808200597763062	-0.9020289182662964	-0.40787145495414734	0.14136680960655212	-0.3907456398010254	0.9106647372245789	0.1341918408870697
2.2040352821350098	6.981670379638672	-0.5321451425552368	0.11943531036376953	0.2051410675048828	1.0	17	0.0	0	0.0	0	-0.18347081542015076	0.06580645591020584	-0.9808200597763062	-0.9020289778709412	-0.4078714847564697	0.14136682450771332	-0.3907456696033478	0.9106647968292236	0.1341918408870697
2.1114137172698975	6.998321056365967	-0.5137023329734802	0.1247715950012207	0.20147323608398438	1.0	16	0.0	0	0.0	0	-0.18347081542015076	0.06580645591020584	-0.9808200597763062	-0.9020290374755859	-0.4078714847564697	0.14136682450771332	-0.3907456696033478	0.9106648564338684	0.1341918408870697
2.1114137172698975	6.998321056365967	-0.5137023329734802	0.34186697006225586	0.6676470041275024	1.0	16	0.0	0	0.0	0	-0.19497795403003693	-0.9758831262588501	-0.09816158562898636	-0.056176815181970596	-0.08880661427974701	0.9944635033607483	-0.9791975617408752	0.19941286742687225	-0.037506673485040665
2.195774793624878	6.9603166580200195	-0.30344390869140625	0.35616612434387207	0.6743026971817017	1.0	17	0.0	0	0.0	0	-0.19497795403003693	-0.9758831262588501	-0.09816158562898636	-0.056176815181970596	-0.08880661427974701	0.9944634437561035	-0.9791975021362305	0.19941285252571106	-0.037506673485040665
2.1038782596588135	6.978841304779053	-0.3050748109817505	0.3562889099121094	0.6679409146308899	1.0	16	0.0	0	0.0	0	-0.19497795403003693	-0.9758831262588501	-0.09816158562898636	-0.05617682263255119	-0.08880661427974701	0.9944635033607483	-0.9791975617408752	0.19941286742687225	-0.03750668093562126
3.3533451557159424	7.086956977844238	-0.16538792848587036	0.3602783679962158	0.7539620995521545	0.5	18	0.5	17	0.0	0	0.42865797877311707	-0.9008564352989197	-0.06862980872392654	-0.0566059909760952	-0.10259310901165009	0.9931114912033081	-0.9016917943954468	-0.4218203127384186	-0.09497122466564178
3.580321788787842	7.20988130569458	-0.3612477779388428	0.3451955318450928	0.7685204148292542	1.0	18	0.0	0	0.0	0	0.42865797877311707	-0.9008564352989197	-0.06862980872392654	-0.0566059872508049	-0.10259310901165009	0.9931114912033081	-0.9016917943954468	-0.4218203127384186	-0.09497122466564178
3.5660436153411865	7.172973155975342	0.03403949737548828	0.37252092361450195	0.7690771222114563	1.0	18	0.0	0	0.0	0	0.42865797877311707	-0.9008564352989197	-0.06862980872392654	-0.0566059909760952	-0.10259311646223068	0.9931115508079529	-0.9016918540000916	-0.42182034254074097	-0.09497122466564178
2.195774793624878	6.9603166580200195	-0.30344390869140625	0.35616612434387207	0.6743026971817017	1.0	17	0.0	0	0.0	0	0.11870219558477402	-0.9890176653862	-0.0880558043718338	-0.056378323584795	-0.09525306522846222	0.9938552975654602	-0.9913281202316284	-0.11300837993621826	-0.06706591695547104
3.357353448867798	7.097317695617676	-0.27635324001312256	0.3526076078414917	0.7538058161735535	0.5	18	0.5	17	0.0	0	0.11870219558477402	-0.9890176653862	-0.0880558043718338	-0.056378331035375595	-0.09525307267904282	0.993855357170105	-0.9913280606269836	-0.11300837248563766	-0.06706590950489044
3.3533451557159424	7.086956977844238	-0.16538792848587036	0.3602783679962158	0.7539620995521545	0.5	18	0.5	17	0.0	0	0.11870219558477402	-0.9890176653862	-0.0880558043718338	-0.056378323584795	-0.09525305777788162	0.9938552379608154	-0.9913280606269836	-0.11300837248563766	-0.06706591695547104
2.187237024307251	6.938246726989746	-0.06707674264907837	0.5875215530395508	0.4150189757347107	1.0	17	0.0	0	0.0	0	-0.010548575781285763	-0.07474973052740097	0.9971465468406677	-0.977556049823761	-0.20906326174736023	-0.02601347677409649	0.2104112058877945	-0.9750410318374634	-0.07086673378944397
3.3395557403564453	7.234949111938477	-0.03264474868774414	0.5057978630065918	0.41840869188308716	0.5	18	0.5	17	0.0	0	-0.010548575781285763	-0.07474973052740097	0.9971465468406677	-0.977556049823761	-0.20906324684619904	-0.02601347491145134	0.2104111909866333	-0.9750410318374634	-0.07086673378944397
2.167354106903076	7.437540531158447	-0.02985820174217224	0.5815901756286621	0.44897735118865967	1.0	17	0.0	0	0.0	0	-0.010548575781285763	-0.07474973052740097	0.9971465468406677	-0.977556049823761	-0.20906324684619904	-0.02601347491145134	0.2104111909866333	-0.9750410318374634	-0.07086673378944397
2.167354106903076	7.437540531158447	-0.02985820174217224	0.09015429019927979	0.722886323928833	1.0	17	0.0	0	0.0	0	0.16971568763256073	0.9806389808654785	0.09769177436828613	0.004073218908160925	-0.09982702881097794	0.9949965476989746	0.9854846596717834	-0.16846859455108643	-0.020936569198966026
3.343698024749756	7.245657444000244	-0.14732953906059265	0.08375978469848633	0.6407365798950195	0.5	18	0.5	17	0.0	0	0.16971568763256073	0.9806389808654785	0.09769177436828613	0.004073217511177063	-0.09982702136039734	0.9949964880943298	0.9854846000671387	-0.16846859455108643	-0.020936567336320877
2.175891637802124	7.4596099853515625	-0.26622533798217773	0.07382488250732422	0.7222228050231934	1.0	17	0.0	0	0.0	0	0.16971568763256073	0.9806389808654785	0.09769177436828613	0.004073218442499638	-0.09982702881097794	0.9949965476989746	0.9854846596717834	-0.16846859455108643	-0.020936569198966026
3.5660436153411865	7.172973155975342	0.03403949737548828	0.5320498943328857	0.5598653554916382	1.0	18	0.0	0	0.0	0	0.12507489323616028	-0.24409006536006927	0.961652934551239	0.1356879323720932	0.9643653035163879	0.22713062167167664	-0.9828250408172607	0.10207635909318924	0.15373797714710236
3.9790725708007812	7.237283706665039	-0.0033565163612365723	0.5495418310165405	0.6212676763534546	1.0	18	0.0	0	0.0	0	0.12507489323616028	-0.24409006536006927	0.961652934551239	0.1356879472732544	0.9643653631210327	0.22713063657283783	-0.982824981212616	0.10207635909318924	0.15373796224594116
3.5491440296173096	7.288944244384766	0.06567367911338806	0.5495418310165405	0.5548166036605835	1.0	18	0.0	0	0.0	0	0.12507489323616028	-0.24409006536006927	0.961652934551239	0.1356879472732544	0.9643653631210327	0.22713063657283783	-0.982824981212616	0.10207635909318924	0.15373796224594116
3.5660436153411865	7.172973155975342	0.03403949737548828	0.5224924683570862	0.7840842008590698	1.0	18	0.0	0	0.0	0	0.6457393765449524	-0.24191254377365112	0.7242230176925659	-0.6772655844688416	0.25654172897338867	0.6895634531974792	-0.35260745882987976	-0.9357694983482361	0.0018200573977082968
