3300	1100	24
0.007265391759574413	1.187391996383667	-2.331563711166382	1.0	1.0	1.0	5	0.0	0	0.0	0	-0.9999382495880127	0.010061372071504593	-0.0047287545166909695	0.011130424216389656	0.9049707651138306	-0.4253281354904175	3.2723851406402105e-10	-0.4253544807434082	-0.9050268530845642
0.0010754265822470188	0.8768969774246216	-1.6832795143127441	1.0	0.0	1.0	5	0.0	0	0.0	0	-0.9999382495880127	0.010061372071504593	-0.0047287545166909695	0.011130424216389656	0.9049707651138306	-0.4253281354904175	3.2723851406402105e-10	-0.4253544807434082	-0.9050268530845642
0.0074311308562755585	1.4146716594696045	-1.8830277919769287	1.0	1.0	1.0	5	0.0	0	0.0	0	-0.9999382495880127	0.010061372071504593	-0.0047287545166909695	0.011130424216389656	0.9049707651138306	-0.4253281354904175	3.2723851406402105e-10	-0.4253544807434082	-0.9050268530845642
0.0062863025814294815	0.835615873336792	-2.873000144958496	1.0	1.0	0.5	6	0.5	5	0.0	0	-0.9999381899833679	0.010061368346214294	-0.004728755913674831	0.011119703762233257	0.9049707651138306	-0.42532840371131897	0.0	-0.4253546893596649	-0.9050267338752747
0.0009097326546907425	0.6496216058731079	-2.1318156719207764	1.0	0.0	1.0	5	0.0	0	0.0	0	-0.9999381899833679	0.010061368346214294	-0.004728755913674831	0.011119703762233257	0.9049707651138306	-0.42532840371131897	0.0	-0.4253546893596649	-0.9050267338752747
0.007265391759574413	1.187391996383667	-2.331563711166382	1.0	1.0	1.0	5	0.0	0	0.0	0	-0.9999381899833679	0.010061368346214294	-0.004728755913674831	0.011119703762233257	0.9049707651138306	-0.42532840371131897	0.0	-0.4253546893596649	-0.9050267338752747
0.0062863025814294815	0.835615873336792	-2.873000144958496	1.0	1.0	0.5	6	0.5	5	0.0	0	-0.9999381899833679	0.010061373002827168	-0.004728758707642555	0.01114114373922348	0.9049705862998962	-0.4253283739089966	0.0	-0.4253547489643097	-0.9050266742706299
0.0042031435295939445	0.4656153917312622	-3.2197470664978027	1.0	0.0	1.0	6	0.0	0	0.0	0	-0.9999381899833679	0.010061373002827168	-0.004728758707642555	0.01114114373922348	0.9049705862998962	-0.4253283739089966	0.0	-0.4253547489643097	-0.9050266742706299
0.0024580787867307663	0.49458765983581543	-2.789093255996704	1.0	0.0	0.5	6	0.5	5	0.0	0	-0.9999381899833679	0.010061373002827168	-0.004728758707642555	0.01114114373922348	0.9049705862998962	-0.4253283739089966	0.0	-0.4253547489643097	-0.9050266742706299
0.00826002936810255	0.8362176418304443	-3.2890818119049072	1.0	1.0	1.0	6	0.0	0	0.0	0	-0.9999381899833679	0.010061373934149742	-0.004728761501610279	0.01111969631165266	0.904970645904541	-0.42532864212989807	0.0	-0.42535489797592163	-0.9050266146659851
0.009339245036244392	0.5913654565811157	-4.038262844085693	1.0	0.0	1.0	6	0.0	0	0.0	0	-0.9999381899833679	0.010061373934149742	-0.004728761501610279	0.01111969631165266	0.904970645904541	-0.42532864212989807	0.0	-0.42535489797592163	-0.9050266146659851
0.0042031435295939445	0.4656153917312622	-3.2197470664978027	1.0	0.0	1.0	6	0.0	0	0.0	0	-0.9999381899833679	0.010061373934149742	-0.004728761501610279	0.01111969631165266	0.904970645904541	-0.42532864212989807	0.0	-0.42535489797592163	-0.9050266146659851
0.014757903292775154	0.8620277047157288	-4.6082000732421875	1.0	1.0	1.0	6	0.0	0	0.0	0	-0.9999382495880127	0.010061360895633698	-0.0047287545166909695	0.011108987964689732	0.9049708247184753	-0.4253286123275757	0.0	-0.42535486817359924	-0.9050266742706299
0.009339245036244392	0.5913654565811157	-4.038262844085693	1.0	0.0	1.0	6	0.0	0	0.0	0	-0.9999382495880127	0.010061360895633698	-0.0047287545166909695	0.011108987964689732	0.9049708247184753	-0.4253286123275757	0.0	-0.42535486817359924	-0.9050266742706299
0.013395983725786209	0.9619532823562622	-4.107598304748535	1.0	1.0	1.0	6	0.0	0	0.0	0	-0.9999382495880127	0.010061360895633698	-0.0047287545166909695	0.011108987964689732	0.9049708247184753	-0.4253286123275757	0.0	-0.42535486817359924	-0.9050266742706299
0.31497448682785034	2.9457476139068604	1.7859110832214355	0.0	0.8231090903282166	1.0	3	0.0	0	0.0	0	0.493947297334671	0.8298084735870361	0.25968053936958313	0.8694918155670166	-0.47140365839004517	-0.1475212126970291	0.0	0.2986578047275543	-0.9543602466583252
0.15044738352298737	3.073242664337158	1.6914536952972412	0.0	1.0	1.0	3	0.0	0	0.0	0	0.493947297334671	0.8298084735870361	0.25968053936958313	0.8694918155670166	-0.47140365839004517	-0.1475212126970291	0.0	0.2986578047275543	-0.9543602466583252
0.1769879013299942	2.915808916091919	2.1440491676330566	0.0	1.0	1.0	3	0.0	0	0.0	0	0.493947297334671	0.8298084735870361	0.25968053936958313	0.8694918155670166	-0.47140365839004517	-0.1475212126970291	0.0	0.2986578047275543	-0.9543602466583252
0.4431605339050293	1.3698406219482422	-0.2936505079269409	0.0	0.0	1.0	13	0.0	0	0.0	0	0.2476975917816162	-0.10643689334392548	0.9629729986190796	0.7612374424934387	-0.5934535264968872	-0.2614009380340576	0.5993024706840515	0.7977994680404663	-0.06597325205802917
0.8634371161460876	1.0421969890594482	-0.43796905875205994	1.0	0.0	1.0	13	0.0	0	0.0	0	0.2476975917816162	-0.10643689334392548	0.9629729986190796	0.7612375020980835	-0.5934535264968872	-0.2614009380340576	0.5993024706840515	0.7977995276451111	-0.06597324460744858
0.6796831488609314	1.4164557456970215	-0.3493369221687317	0.48552340269088745	0.2809736132621765	1.0	13	0.0	0	0.0	0	0.2476975917816162	-0.10643689334392548	0.9629729986190796	0.7612374424934387	-0.5934535264968872	-0.2614009380340576	0.5993024706840515	0.7977994680404663	-0.06597325205802917
0.4431605339050293	1.3698406219482422	-0.2936505079269409	0.0	0.0	1.0	13	0.0	0	0.0	0	0.8918641209602356	-0.452126681804657	0.012650742195546627	0.4523036777973175	0.8915150761604309	-0.024945059791207314	0.0	0.02796957455575466	0.9996086955070496
0.5529634952545166	1.6012741327285767	0.23659080266952515	0.0	0.2939843535423279	0	0	0	0	0	0	0.8918641209602356	-0.452126681804657	0.012650742195546627	0.4523036777973175	0.8915150761604309	-0.024945059791207314	0.0	0.02796957455575466	0.9996086955070496
0.4537006616592407	1.409925937652588	0.395896315574646	0.0	0.0	0	0	0	0	0	0	0.8918641209602356	-0.452126681804657	0.012650742195546627	0.4523036777973175	0.8915150761604309	-0.024945059791207314	0.0	0.02796957455575466	0.9996086955070496
0.5529634952545166	1.6012741327285767	0.23659080266952515	0.0	0.2939843535423279	0	0	0	0	0	0	0.7111830115318298	0.05703987926244736	-0.7006890773773193	0.7030069231987	-0.05770326405763626	0.7088382244110107	0.0	-0.9967029690742493	-0.08113700896501541
0.5408374071121216	1.6996283531188965	0.23228967189788818	0.0	0.49074745178222656	0	0	0	0	0	0	0.7111830115318298	0.05703987926244736	-0.7006890773773193	0.7030069231987	-0.05770326405763626	0.7088382244110107	0.0	-0.9967029690742493	-0.08113700896501541
0.7627723813056946	1.4658061265945435	0.4385141134262085	0.0	0.27959319949150085	0	0	0	0	0	0	0.7111830115318298	0.05703987926244736	-0.7006890773773193	0.7030069231987	-0.05770326405763626	0.7088382244110107	0.0	-0.9967029690742493	-0.08113700896501541
0.7627723813056946	1.4658061265945435	0.4385141134262085	0.0	0.27959319949150085	0	0	0	0	0	0	0.9920382499694824	0.11108031123876572	-0.059341270476579666	0.12593816220760345	-0.8750055432319641	0.46744504570961	0.0	-0.47119665145874023	-0.8820281624794006
0.7407171726226807	1.743035078048706	0.5887479782104492	0.0	0.48246872425079346	0	0	0	0	0	0	0.9920382499694824	0.11108031123876572	-0.059341270476579666	0.12593816220760345	-0.8750055432319641	0.46744504570961	0.0	-0.47119665145874023	-0.8820281624794006
0.8081598877906799	1.1897132396697998	0.6804648041725159	0.0	0.0	1.0	19	0.0	0	0.0	0	0.9920382499694824	0.11108031123876572	-0.059341270476579666	0.12593816220760345	-0.8750055432319641	0.46744504570961	0.0	-0.47119665145874023	-0.8820281624794006
0.6200180649757385	1.6939342021942139	1.0411763191223145	0.0	0.3017447590827942	0	0	0	0	0	0	0.04529838636517525	0.1236078143119812	0.9912967085838318	0.998973548412323	-0.005604988429695368	-0.04495028406381607	0.0	0.9923153519630432	-0.12373482435941696
0.468569278717041	1.8925002813339233	1.0233371257781982	0.0	0.4229430556297302	0	0	0	0	0	0	0.04529838636517525	0.1236078143119812	0.9912967085838318	0.998973548412323	-0.005604988429695368	-0.04495028406381607	0.0	0.9923153519630432	-0.12373482435941696
0.4958342909812927	1.5998778343200684	1.0585792064666748	0.0	0.0	0	0	0	0	0	0	0.04529838636517525	0.1236078143119812	0.9912967085838318	0.998973548412323	-0.005604988429695368	-0.04495028406381607	0.0	0.9923153519630432	-0.12373482435941696
0.468569278717041	1.8925002813339233	1.0233371257781982	0.0	0.4229430556297302	0	0	0	0	0	0	0.8428610563278198	0.14107656478881836	0.5193098187446594	0.5381311774253845	-0.22096455097198486	-0.8133814930915833	0.0	0.9650244116783142	-0.26216012239456177
0.3180859684944153	1.6972548961639404	1.3206183910369873	0.0	0.0	0	0	0	0	0	0	0.8428610563278198	0.14107656478881836	0.5193098187446594	0.5381311774253845	-0.22096455097198486	-0.8133814930915833	0.0	0.9650244116783142	-0.26216012239456177
0.4958342909812927	1.5998778343200684	1.0585792064666748	0.0	0.0	0	0	0	0	0	0	0.8428610563278198	0.14107656478881836	0.5193098187446594	0.5381311774253845	-0.22096455097198486	-0.8133814930915833	0.0	0.9650244116783142	-0.26216012239456177
0.32828956842422485	2.295590877532959	1.2138419151306152	0.0	0.4245148301124573	0	0	0	0	0	0	0.9651551842689514	0.051570478826761246	0.2565463185310364	0.2616790533065796	-0.19020876288414001	-0.9462265968322754	0.0	0.9803882837295532	-0.19707590341567993
0.27105194330215454	2.2114830017089844	1.4460833072662354	0.0	0.0	1.0	3	0.0	0	0.0	0	0.9651551842689514	0.051570478826761246	0.2565463185310364	0.2616790533065796	-0.19020876288414001	-0.9462265968322754	0.0	0.9803882837295532	-0.19707590341567993
0.29750901460647583	1.9526758193969727	1.398573875427246	0.0	0.0	0	0	0	0	0	0	0.9651551842689514	0.051570478826761246	0.2565463185310364	0.2616790533065796	-0.19020876288414001	-0.9462265968322754	0.0	0.9803882837295532	-0.19707590341567993
0.31116414070129395	1.9187525510787964	-1.0455507040023804	1.0	1.0	1.0	5	0.0	0	0.0	0	0.8679121136665344	0.1348237544298172	-0.47807013988494873	0.4967174232006073	-0.2355768382549286	0.8353294730186462	7.499812326727806e-09	-0.9624583721160889	-0.27142930030822754
0.3526688814163208	1.45504629611969	-1.1009738445281982	1.0	0.0	1.0	5	0.0	0	0.0	0	0.8679121136665344	0.1348237544298172	-0.47807013988494873	0.4967174232006073	-0.2355768382549286	0.8353294730186462	7.499812326727806e-09	-0.9624583721160889	-0.27142930030822754
0.24773861467838287	1.8347294330596924	-1.1843924522399902	1.0	1.0	1.0	5	0.0	0	0.0	0	0.8679121136665344	0.1348237544298172	-0.47807013988494873	0.4967174232006073	-0.2355768382549286	0.8353294730186462	7.499812326727806e-09	-0.9624583721160889	-0.27142930030822754
0.27739423513412476	1.2879505157470703	-1.409165382385254	1.0	0.4563511610031128	1.0	5	0.0	0	0.0	0	0.9837183356285095	0.11057781428098679	-0.14167147874832153	0.17971687018871307	-0.6052700877189636	0.775467574596405	0.0	-0.7883024215698242	-0.6152879595756531
0.1997450590133667	1.3651463985443115	-1.8880815505981445	1.0	1.0	1.0	5	0.0	0	0.0	0	0.9837183356285095	0.11057781428098679	-0.14167147874832153	0.17971687018871307	-0.6052700877189636	0.775467574596405	0.0	-0.7883024215698242	-0.6152879595756531
0.23246532678604126	1.6269978284835815	-1.4565021991729736	1.0	1.0	1.0	5	0.0	0	0.0	0	0.9837183356285095	0.11057781428098679	-0.14167147874832153	0.17971687018871307	-0.6052700877189636	0.775467574596405	0.0	-0.7883024215698242	-0.6152879595756531
0.24225735664367676	1.1181561946868896	-1.7839653491973877	1.0	0.4575725793838501	1.0	5	0.0	0	0.0	0	0.9874973297119141	0.1373915672302246	-0.07728297263383865	0.15763531625270844	-0.8606778979301453	0.48413267731666565	0.0	-0.4902622401714325	-0.8715749382972717
0.1968800127506256	1.1379280090332031	-2.3286328315734863	1.0	1.0	1.0	5	0.0	0	0.0	0	0.9874973297119141	0.1373915672302246	-0.07728297263383865	0.15763531625270844	-0.8606778979301453	0.48413267731666565	0.0	-0.4902622401714325	-0.8715749382972717
0.1997450590133667	1.3651463985443115	-1.8880815505981445	1.0	1.0	1.0	5	0.0	0	0.0	0	0.9874973297119141	0.1373915672302246	-0.07728297263383865	0.15763531625270844	-0.8606778979301453	0.48413267731666565	0.0	-0.4902622401714325	-0.8715749382972717
0.23813028633594513	0.9353497624397278	-2.237717390060425	1.0	0.5437781810760498	1.0	5	0.0	0	0.0	0	0.9733951687812805	0.10736337304115295	-0.20242251455783844	0.22913198173046112	-0.4560982882976532	0.8599260449409485	0.0	-0.8834294080734253	-0.4685642719268799
0.12260950356721878	0.7897627949714661	-2.870443820953369	1.0	1.0	0.5	6	0.5	5	0.0	0	0.9733951687812805	0.10736337304115295	-0.20242251455783844	0.22913198173046112	-0.4560982882976532	0.8599260449409485	0.0	-0.8834294080734253	-0.4685642719268799
0.1968800127506256	1.1379280090332031	-2.3286328315734863	1.0	1.0	1.0	5	0.0	0	0.0	0	0.9733951687812805	0.10736337304115295	-0.20242251455783844	0.22913198173046112	-0.4560982882976532	0.8599260449409485	0.0	-0.8834294080734253	-0.4685642719268799
0.12260950356721878	0.7897627949714661	-2.870443820953369	1.0	1.0	0.5	6	0.5	5	0.0	0	0.9671722650527954	0.25381022691726685	-0.012581677176058292	0.25412240624427795	-0.9659859538078308	0.04788507893681526	0.0	-0.049510408192873	-0.9987736940383911
0.158906951546669	0.6326358318328857	-3.2499277591705322	1.0	0.469086617231369	1.0	6	0.0	0	0.0	0	0.9671722650527954	0.25381022691726685	-0.012581677176058292	0.25412240624427795	-0.9659859538078308	0.04788507893681526	0.0	-0.049510408192873	-0.9987736940383911
0.11801551282405853	0.7866433262825012	-3.286519765853882	1.0	1.0	1.0	6	0.0	0	0.0	0	0.9671722650527954	0.25381022691726685	-0.012581677176058292	0.25412240624427795	-0.9659859538078308	0.04788507893681526	0.0	-0.049510408192873	-0.9987736940383911
0.11801551282405853	0.7866433262825012	-3.286519765853882	1.0	1.0	1.0	6	0.0	0	0.0	0	0.9783661961555481	0.14437194168567657	0.1481766402721405	0.20688065886497498	-0.682754397392273	-0.7007473111152649	0.0	0.7162423729896545	-0.6978515982627869
0.22949934005737305	0.7545017004013062	-3.991297960281372	1.0	0.4578465521335602	1.0	6	0.0	0	0.0	0	0.9783661961555481	0.14437194168567657	0.1481766402721405	0.20688065886497498	-0.682754397392273	-0.7007473111152649	0.0	0.7162423729896545	-0.6978515982627869
0.21394598484039307	0.919592559337616	-4.049455642700195	1.0	1.0	1.0	6	0.0	0	0.0	0	0.9783661961555481	0.14437194168567657	0.1481766402721405	0.20688065886497498	-0.682754397392273	-0.7007473111152649	0.0	0.7162423729896545	-0.6978515982627869
0.21394598484039307	0.919592559337616	-4.049455642700195	1.0	1.0	1.0	6	0.0	0	0.0	0	0.8729839324951172	0.3790331482887268	-0.3069738447666168	0.48774901032447815	-0.6784019470214844	0.5494285821914673	-1.527544135626613e-08	-0.6293685436248779	-0.7771070599555969
0.06293749064207077	0.827686071395874	-4.592380046844482	1.0	0.4520324170589447	1.0	6	0.0	0	0.0	0	0.8729839324951172	0.3790331482887268	-0.3069738447666168	0.48774901032447815	-0.6784019470214844	0.5494285821914673	-1.527544135626613e-08	-0.6293685436248779	-0.7771070599555969
0.04690100625157356	0.8530147075653076	-4.606710910797119	1.0	1.0	1.0	6	0.0	0	0.0	0	0.8729839324951172	0.3790331482887268	-0.3069738447666168	0.48774901032447815	-0.6784019470214844	0.5494285821914673	-1.527544135626613e-08	-0.6293685436248779	-0.7771070599555969
0.31146711111068726	2.539079427719116	1.3248069286346436	0.0	0.5902552604675293	1.0	3	0.0	0	0.0	0	0.9705709218978882	-0.03134666755795479	0.23876646161079407	0.24081560969352722	0.1263381391763687	-0.9623131155967712	0.0	0.9914919137954712	0.13016889989376068
0.22538410127162933	2.4587135314941406	1.6641781330108643	0.0	0.0	1.0	3	0.0	0	0.0	0	0.9705709218978882	-0.03134666755795479	0.23876646161079407	0.24081560969352722	0.1263381391763687	-0.9623131155967712	0.0	0.9914919137954712	0.13016889989376068
0.27105194330215454	2.2114830017089844	1.4460833072662354	0.0	0.3372722268104553	1.0	3	0.0	0	0.0	0	0.9705709218978882	-0.03134666755795479	0.23876646161079407	0.24081560969352722	0.1263381391763687	-0.9623131155967712	0.0	0.9914919137954712	0.13016889989376068
0.17155136168003082	2.4236562252044678	1.8194091320037842	0.0	0.0	1.0	3	0.0	0	0.0	0	0.9138020277023315	-0.3771035075187683	0.15086030960083008	0.406159907579422	0.848429262638092	-0.33941423892974854	0.0	0.37143078446388245	0.9284605979919434
0.22081972658634186	2.563140392303467	1.8696439266204834	0.0	0.11482937633991241	1.0	3	0.0	0	0.0	0	0.9138020277023315	-0.3771035075187683	0.15086030960083008	0.406159907579422	0.848429262638092	-0.33941423892974854	0.0	0.37143078446388245	0.9284605979919434
0.1367935836315155	2.437018632888794	2.0633482933044434	0.0	0.0	1.0	3	0.0	0	0.0	0	0.9138020277023315	-0.3771035075187683	0.15086030960083008	0.406159907579422	0.848429262638092	-0.33941423892974854	0.0	0.37143078446388245	0.9284605979919434
0.008842033334076405	3.0557503700256348	1.3103466033935547	0.0	1.0	1.0	3	0.0	0	0.0	0	0.2396388053894043	0.961683988571167	-0.13318093121051788	0.970862090587616	-0.23737335205078125	0.03287317231297493	0.0	-0.13717800378799438	-0.9905464053153992
0.15044738352298737	3.073242664337158	1.6914536952972412	0.0	1.0	1.0	3	0.0	0	0.0	0	0.2396388053894043	0.961683988571167	-0.13318093121051788	0.970862090587616	-0.23737335205078125	0.03287317231297493	0.0	-0.13717800378799438	-0.9905464053153992
0.17547732591629028	3.0146069526672363	1.3130896091461182	0.0	1.0	1.0	3	0.0	0	0.0	0	0.2396388053894043	0.961683988571167	-0.13318093121051788	0.970862090587616	-0.23737335205078125	0.03287317231297493	0.0	-0.13717800378799438	-0.9905464053153992
0.0060799261555075645	3.063014507293701	1.909874677658081	0.0	1.0	1.0	3	0.0	0	0.0	0	0.039729535579681396	0.9965457916259766	0.07292558997869492	0.9992104172706604	-0.03962358459830284	-0.002899589017033577	2.3301460760905e-10	0.07298321276903152	-0.9973331093788147
0.15044738352298737	3.073242664337158	1.6914536952972412	0.0	1.0	1.0	3	0.0	0	0.0	0	0.039729535579681396	0.9965457916259766	0.07292558997869492	0.9992104172706604	-0.03962358459830284	-0.002899589017033577	2.3301460760905e-10	0.07298321276903152	-0.9973331093788147
0.007284500636160374	3.0791015625	1.689384937286377	0.0	1.0	1.0	3	0.0	0	0.0	0	0.039729535579681396	0.9965457916259766	0.07292558997869492	0.9992104172706604	-0.03962358459830284	-0.002899589017033577	2.3301460760905e-10	0.07298321276903152	-0.9973331093788147
0.009339245036244392	0.5913654565811157	-4.038262844085693	1.0	0.0	1.0	6	0.0	0	0.0	0	0.03456449508666992	-0.9464574456214905	-0.32097283005714417	0.9994024038314819	0.032733380794525146	0.011100896634161472	0.0	-0.32116472721099854	0.9470232725143433
0.05431186035275459	0.7840219736099243	-4.601509094238281	1.0	0.0	1.0	6	0.0	0	0.0	0	0.03456449508666992	-0.9464574456214905	-0.32097283005714417	0.9994024038314819	0.032733380794525146	0.011100896634161472	0.0	-0.32116472721099854	0.9470232725143433
0.24073554575443268	0.6117579936981201	-4.073476314544678	1.0	0.0	1.0	6	0.0	0	0.0	0	0.03456449508666992	-0.9464574456214905	-0.32097283005714417	0.9994024038314819	0.032733380794525146	0.011100896634161472	0.0	-0.32116472721099854	0.9470232725143433
0.0009097326546907425	0.6496216058731079	-2.1318156719207764	1.0	0.0	1.0	5	0.0	0	0.0	0	0.6290297508239746	-0.7545353174209595	0.18707789480686188	0.7773813605308533	0.6105434894561768	-0.151376873254776	0.0	0.24065139889717102	0.970611572265625
0.11284422129392624	0.5802812576293945	-2.7878518104553223	1.0	0.0	0.5	6	0.5	5	0.0	0	0.6290297508239746	-0.7545353174209595	0.18707789480686188	0.7773813605308533	0.6105434894561768	-0.151376873254776	0.0	0.24065139889717102	0.970611572265625
0.17298391461372375	0.7797815203666687	-2.185427188873291	1.0	0.0	1.0	5	0.0	0	0.0	0	0.6290297508239746	-0.7545353174209595	0.18707789480686188	0.7773813605308533	0.6105434894561768	-0.151376873254776	0.0	0.24065139889717102	0.970611572265625
-0.0009232517331838608	0.9940587282180786	-1.0113561153411865	1.0	0.0	0	0	0	0	0	0	0.5465255975723267	-0.8137374520301819	0.19784128665924072	0.8374423980712891	0.5310554504394531	-0.12911374866962433	0.0	0.23624464869499207	0.9716936349868774
0.22716228663921356	1.0599554777145386	-1.3703910112380981	1.0	0.0	1.0	5	0.0	0	0.0	0	0.5465255975723267	-0.8137374520301819	0.19784128665924072	0.8374423980712891	0.5310554504394531	-0.12911374866962433	0.0	0.23624464869499207	0.9716936349868774
0.3281952142715454	1.2267398834228516	-0.963490903377533	1.0	0.0	1.0	13	0.0	0	0.0	0	0.5465255975723267	-0.8137374520301819	0.19784128665924072	0.8374423980712891	0.5310554504394531	-0.12911374866962433	0.0	0.23624464869499207	0.9716936349868774
0.0005815476179122925	0.9740329384803772	-1.3721684217453003	1.0	0.0	1.0	5	0.0	0	0.0	0	0.3528382182121277	-0.9321318864822388	0.08145863562822342	0.9356844425201416	0.3514985740184784	-0.03071732260286808	0.0	0.08705781400203705	0.9962033033370972
0.18990738689899445	1.017259120941162	-1.6975960731506348	1.0	0.0	1.0	5	0.0	0	0.0	0	0.3528382182121277	-0.9321318864822388	0.08145863562822342	0.9356844425201416	0.3514985740184784	-0.03071732260286808	0.0	0.08705781400203705	0.9962033033370972
0.22716228663921356	1.0599554777145386	-1.3703910112380981	1.0	0.0	1.0	5	0.0	0	0.0	0	0.3528382182121277	-0.9321318864822388	0.08145863562822342	0.9356844425201416	0.3514985740184784	-0.03071732260286808	0.0	0.08705781400203705	0.9962033033370972
0.00889794621616602	1.964106798171997	-1.024166464805603	1.0	1.0	1.0	5	0.0	0	0.0	0	0.14569725096225739	0.9886235594749451	-0.03736056387424469	0.9893291592597961	-0.1455933153629303	0.005502041894942522	-4.70683825248841e-10	-0.03776352480053902	-0.9992866516113281
0.27092117071151733	1.9358079433441162	-0.7511742115020752	1.0	1.0	0	0	0	0	0	0	0.14569725096225739	0.9886235594749451	-0.03736056387424469	0.9893291592597961	-0.1455933153629303	0.005502041894942522	-4.70683825248841e-10	-0.03776352480053902	-0.9992866516113281
0.31116414070129395	1.9187525510787964	-1.0455507040023804	1.0	1.0	1.0	5	0.0	0	0.0	0	0.14569725096225739	0.9886235594749451	-0.03736056387424469	0.9893291592597961	-0.1455933153629303	0.005502041894942522	-4.70683825248841e-10	-0.03776352480053902	-0.9992866516113281
0.008493538945913315	2.796865463256836	0.8332088589668274	0.0	1.0	0	0	0	0	0	0	0.47389090061187744	0.7475537657737732	-0.4653932750225067	0.880583643913269	-0.4023001194000244	0.2504538893699646	0.0	-0.5285054445266724	-0.8489298820495605
0.19345366954803467	2.7601675987243652	0.962598979473114	0.0	1.0	0	0	0	0	0	0	0.47389090061187744	0.7475537657737732	-0.4653932750225067	0.880583643913269	-0.4023001194000244	0.2504538893699646	0.0	-0.5285054445266724	-0.8489298820495605
0.18762530386447906	2.685481309890747	0.8366968035697937	0.0	1.0	0	0	0	0	0	0	0.47389090061187744	0.7475537657737732	-0.4653932750225067	0.880583643913269	-0.4023001194000244	0.2504538893699646	0.0	-0.5285054445266724	-0.8489298820495605
0.005768486298620701	2.251232385635376	0.24850314855575562	0.0	1.0	0	0	0	0	0	0	0.3323224186897278	0.7292984127998352	-0.5980682373046875	0.9431658983230591	-0.2569666802883148	0.2107280045747757	0.0	-0.6341071724891663	-0.7732451558113098
0.26430994272232056	2.363982677459717	0.5296545624732971	0.0	1.0	0	0	0	0	0	0	0.3323224186897278	0.7292984127998352	-0.5980682373046875	0.9431658983230591	-0.2569666802883148	0.2107280045747757	0.0	-0.6341071724891663	-0.7732451558113098
0.24812866747379303	2.1438634395599365	0.2522447109222412	0.0	1.0	0	0	0	0	0	0	0.3323224186897278	0.7292984127998352	-0.5980682373046875	0.9431658983230591	-0.2569666802883148	0.2107280045747757	0.0	-0.6341071724891663	-0.7732451558113098
0.006855933926999569	2.119654655456543	-0.2614055573940277	0.0	1.0	0	0	0	0	0	0	0.3743206560611725	0.9051677584648132	-0.20138365030288696	0.9272993803024292	-0.36538687348365784	0.0812920555472374	0.0	-0.21717222034931183	-0.9761332869529724
0.26718831062316895	2.07224178314209	0.009377062320709229	0.0	1.0	0	0	0	0	0	0	0.3743206560611725	0.9051677584648132	-0.20138365030288696	0.9272993803024292	-0.36538687348365784	0.0812920555472374	0.0	-0.21717222034931183	-0.9761332869529724
0.26851826906204224	2.0122997760772705	-0.25757479667663574	0.0	1.0	0	0	0	0	0	0	0.3743206560611725	0.9051677584648132	-0.20138365030288696	0.9272993803024292	-0.36538687348365784	0.0812920555472374	0.0	-0.21717222034931183	-0.9761332869529724
0.0002492745406925678	2.4180383682250977	1.770503282546997	0.0	0.0	1.0	3	0.0	0	0.0	0	0.47555452585220337	-0.86393141746521	-0.16574163734912872	0.879686176776886	0.4670376479625702	0.08959922194480896	0.0	-0.1884099245071411	0.982090413570404
0.1367935836315155	2.437018632888794	2.0633482933044434	0.0	0.0	1.0	3	0.0	0	0.0	0	0.47555452585220337	-0.86393141746521	-0.16574163734912872	0.879686176776886	0.4670376479625702	0.08959922194480896	0.0	-0.1884099245071411	0.982090413570404
-0.0019209375604987144	2.3546700477600098	2.0945849418640137	0.0	0.0	1.0	3	0.0	0	0.0	0	0.47555452585220337	-0.86393141746521	-0.16574163734912872	0.879686176776886	0.4670376479625702	0.08959922194480896	0.0	-0.1884099245071411	0.982090413570404
-0.0031998082995414734	2.3204636573791504	1.4954028129577637	0.0	0.0	1.0	3	0.0	0	0.0	0	0.11078431457281113	-0.8371248841285706	0.5356760621070862	0.9938444495201111	0.09331470727920532	-0.059712063521146774	0.0	0.5389938354492188	0.8423097133636475
0.22538410127162933	2.4587135314941406	1.6641781330108643	0.0	0.0	1.0	3	0.0	0	0.0	0	0.11078431457281113	-0.8371248841285706	0.5356760621070862	0.9938444495201111	0.09331470727920532	-0.059712063521146774	0.0	0.5389938354492188	0.8423097133636475
0.0007521482184529305	2.387777805328369	1.5997803211212158	0.0	0.0	1.0	3	0.0	0	0.0	0	0.11078431457281113	-0.8371248841285706	0.5356760621070862	0.9938444495201111	0.09331470727920532	-0.059712063521146774	0.0	0.5389938354492188	0.8423097133636475
0.0074311308562755585	1.4146716594696045	-1.8830277919769287	1.0	1.0	1.0	5	0.0	0	0.0	0	0.2003069669008255	0.8308094143867493	-0.51926189661026	0.9797331690788269	-0.16985942423343658	0.10616336762905121	0.0	-0.5300033092498779	-0.8479955196380615
0.23246532678604126	1.6269978284835815	-1.4565021991729736	1.0	1.0	1.0	5	0.0	0	0.0	0	0.2003069669008255	0.8308094143867493	-0.51926189661026	0.9797331690788269	-0.16985942423343658	0.10616336762905121	0.0	-0.5300033092498779	-0.8479955196380615
0.1997450590133667	1.3651463985443115	-1.8880815505981445	1.0	1.0	1.0	5	0.0	0	0.0	0	0.2003069669008255	0.8308094143867493	-0.51926189661026	0.9797331690788269	-0.16985942423343658	0.10616336762905121	0.0	-0.5300033092498779	-0.8479955196380615
0.0062863025814294815	0.835615873336792	-2.873000144958496	1.0	1.0	0.5	6	0.5	5	0.0	0	0.4115716516971588	0.911371648311615	0.003270420478656888	0.9113774299621582	-0.41156890988349915	-0.0014768984401598573	-1.2773558599743495e-10	0.0035884366370737553	-0.999993622303009
0.11801551282405853	0.7866433262825012	-3.286519765853882	1.0	1.0	1.0	6	0.0	0	0.0	0	0.4115716516971588	0.911371648311615	0.003270420478656888	0.9113774299621582	-0.41156890988349915	-0.0014768984401598573	-1.2773558599743495e-10	0.0035884366370737553	-0.999993622303009
0.00826002936810255	0.8362176418304443	-3.2890818119049072	1.0	1.0	1.0	6	0.0	0	0.0	0	0.4115716516971588	0.911371648311615	0.003270420478656888	0.9113774299621582	-0.41156890988349915	-0.0014768984401598573	-1.2773558599743495e-10	0.0035884366370737553	-0.999993622303009
-0.0027628489769995213	1.2517331838607788	-0.07410299777984619	0.0	0.0	0	0	0	0	0	0	0.0681658536195755	-0.9964152574539185	0.050101250410079956	0.9976739287376404	0.06807984411716461	-0.0034231566824018955	0.0	0.05021805688738823	0.9987382292747498
0.24062076210975647	1.2846903800964355	0.25021225214004517	0.0	0.0	0	0	0	0	0	0	0.0681658536195755	-0.9964152574539185	0.050101250410079956	0.9976739287376404	0.06807984411716461	-0.0034231566824018955	0.0	0.05021805688738823	0.9987382292747498
-0.004127045162022114	1.2678711414337158	0.24870526790618896	0.0	0.0	0	0	0	0	0	0	0.0681658536195755	-0.9964152574539185	0.050101250410079956	0.9976739287376404	0.06807984411716461	-0.0034231566824018955	0.0	0.05021805688738823	0.9987382292747498
-0.008243907243013382	1.9591963291168213	1.3962316513061523	0.0	0.0	0	0	0	0	0	0	0.06767713278532028	-0.2649880349636078	0.9618738293647766	0.9977072477340698	0.017974836751818657	-0.06524644047021866	1.8669257251247018e-09	0.9640842080116272	0.26559698581695557
0.27105194330215454	2.2114830017089844	1.4460833072662354	0.0	0.0	1.0	3	0.0	0	0.0	0	0.06767713278532028	-0.2649880349636078	0.9618738293647766	0.9977072477340698	0.017974836751818657	-0.06524644047021866	1.8669257251247018e-09	0.9640842080116272	0.26559698581695557
-0.0031998082995414734	2.3204636573791504	1.4954028129577637	0.0	0.0	1.0	3	0.0	0	0.0	0	0.06767713278532028	-0.2649880349636078	0.9618738293647766	0.9977072477340698	0.017974836751818657	-0.06524644047021866	1.8669257251247018e-09	0.9640842080116272	0.26559698581695557
-0.008626777678728104	1.2987072467803955	1.265824317932129	0.0	0.0	0	0	0	0	0	0	0.19631843268871307	-0.759554922580719	0.6201090812683105	0.9805402159690857	0.15207402408123016	-0.12415491044521332	0.0	0.6324158310890198	0.7746291160583496
0.3188626170158386	1.1484363079071045	0.9780825972557068	0.0	0.0	1.0	19	0.0	0	0.0	0	0.19631843268871307	-0.759554922580719	0.6201090812683105	0.9805402159690857	0.15207402408123016	-0.12415491044521332	0.0	0.6324158310890198	0.7746291160583496
0.2887311577796936	1.3767080307006836	1.267225742340088	0.0	0.0	0	0	0	0	0	0	0.19631843268871307	-0.759554922580719	0.6201090812683105	0.9805402159690857	0.15207402408123016	-0.12415491044521332	0.0	0.6324158310890198	0.7746291160583496
0.007265391759574413	1.187391996383667	-2.331563711166382	1.0	1.0	1.0	5	0.0	0	0.0	0	0.23225507140159607	0.863835334777832	-0.44704148173332214	0.9726548790931702	-0.20627062022686005	0.10674664378166199	-7.660045042712227e-09	-0.4596095085144043	-0.8881210684776306
0.1997450590133667	1.3651463985443115	-1.8880815505981445	1.0	1.0	1.0	5	0.0	0	0.0	0	0.23225507140159607	0.863835334777832	-0.44704148173332214	0.9726548790931702	-0.20627062022686005	0.10674664378166199	-7.660045042712227e-09	-0.4596095085144043	-0.8881210684776306
0.1968800127506256	1.1379280090332031	-2.3286328315734863	1.0	1.0	1.0	5	0.0	0	0.0	0	0.23225507140159607	0.863835334777832	-0.44704148173332214	0.9726548790931702	-0.20627062022686005	0.10674664378166199	-7.660045042712227e-09	-0.4596095085144043	-0.8881210684776306
0.008420633152127266	2.0431711673736572	-0.7550089359283447	1.0	1.0	0	0	0	0	0	0	0.37658238410949707	0.9157317876815796	-0.14007534086704254	0.9263830780982971	-0.372252494096756	0.05694177746772766	0.0	-0.15120670199394226	-0.9885022044181824
0.26851826906204224	2.0122997760772705	-0.25757479667663574	0.0	1.0	0	0	0	0	0	0	0.37658238410949707	0.9157317876815796	-0.14007534086704254	0.9263830780982971	-0.372252494096756	0.05694177746772766	0.0	-0.15120670199394226	-0.9885022044181824
0.27092117071151733	1.9358079433441162	-0.7511742115020752	1.0	1.0	0	0	0	0	0	0	0.37658238410949707	0.9157317876815796	-0.14007534086704254	0.9263830780982971	-0.372252494096756	0.05694177746772766	0.0	-0.15120670199394226	-0.9885022044181824
-0.006034315563738346	1.177963376045227	0.4607180953025818	0.0	0.0	0	0	0	0	0	0	0.05796341598033905	-0.9161675572395325	-0.39658206701278687	0.9983186721801758	0.053193628787994385	0.023025963455438614	-1.865781973364733e-09	-0.3972499668598175	0.9177104234695435
0.24062076210975647	1.2846903800964355	0.25021225214004517	0.0	0.0	0	0	0	0	0	0	0.05796341598033905	-0.9161675572395325	-0.39658206701278687	0.9983186721801758	0.053193628787994385	0.023025963455438614	-1.865781973364733e-09	-0.3972499668598175	0.9177104234695435
0.25799643993377686	1.171947717666626	0.5132052898406982	0.0	0.0	1.0	19	0.0	0	0.0	0	0.05796341598033905	-0.9161675572395325	-0.39658206701278687	0.9983186721801758	0.053193628787994385	0.023025963455438614	-1.865781973364733e-09	-0.3972499668598175	0.9177104234695435
0.04690100625157356	0.8530147075653076	-4.606710910797119	1.0	1.0	1.0	6	0.0	0	0.0	0	0.6820030808448792	0.018133070319890976	-0.7311245203018188	0.7313493490219116	-0.01690957508981228	0.6817932724952698	0.0	-0.9996925592422485	-0.024793991819024086
0.06293749064207077	0.827686071395874	-4.592380046844482	1.0	0.4520324170589447	1.0	6	0.0	0	0.0	0	0.6820030808448792	0.018133070319890976	-0.7311245203018188	0.7313493490219116	-0.01690957508981228	0.6817932724952698	0.0	-0.9996925592422485	-0.024793991819024086
0.05431186035275459	0.7840219736099243	-4.601509094238281	1.0	0.0	1.0	6	0.0	0	0.0	0	0.6820030808448792	0.018133070319890976	-0.7311245203018188	0.7313493490219116	-0.01690957508981228	0.6817932724952698	0.0	-0.9996925592422485	-0.024793991819024086
0.008823888376355171	2.9278934001922607	1.0421419143676758	0.0	1.0	1.0	3	0.0	0	0.0	0	0.4530133008956909	0.7296996712684631	-0.5121691823005676	0.8915036916732788	-0.3707934319972992	0.2602563500404358	1.6714635009407175e-08	-0.574500322341919	-0.8185043334960938
0.17547732591629028	3.0146069526672363	1.3130896091461182	0.0	1.0	1.0	3	0.0	0	0.0	0	0.4530133008956909	0.7296996712684631	-0.5121691823005676	0.8915036916732788	-0.3707934319972992	0.2602563500404358	1.6714635009407175e-08	-0.574500322341919	-0.8185043334960938
0.19141492247581482	2.8639416694641113	1.112529993057251	0.0	1.0	1.0	3	0.0	0	0.0	0	0.4530133008956909	0.7296996712684631	-0.5121691823005676	0.8915036916732788	-0.3707934319972992	0.2602563500404358	1.6714635009407175e-08	-0.574500322341919	-0.8185043334960938
0.0024580787867307663	0.49458765983581543	-2.789093255996704	1.0	0.0	0.5	6	0.5	5	0.0	0	0.6123751997947693	-0.7894415855407715	0.04217376559972763	0.7905672788619995	0.6115032434463501	-0.032667893916368484	0.0	0.05334620922803879	0.9985761046409607
0.10512632876634598	0.5512856245040894	-3.2185487747192383	1.0	0.0	1.0	6	0.0	0	0.0	0	0.6123751997947693	-0.7894415855407715	0.04217376559972763	0.7905672788619995	0.6115032434463501	-0.032667893916368484	0.0	0.05334620922803879	0.9985761046409607
0.11284422129392624	0.5802812576293945	-2.7878518104553223	1.0	0.0	0.5	6	0.5	5	0.0	0	0.6123751997947693	-0.7894415855407715	0.04217376559972763	0.7905672788619995	0.6115032434463501	-0.032667893916368484	0.0	0.05334620922803879	0.9985761046409607
0.009339245036244392	0.5913654565811157	-4.038262844085693	1.0	0.0	1.0	6	0.0	0	0.0	0	0.6438310742378235	-0.7568904757499695	-0.11224249005317688	0.7651676535606384	0.6368664503097534	0.09444361925125122	0.0	-0.14669007062911987	0.9891825318336487
0.10512632876634598	0.5512856245040894	-3.2185487747192383	1.0	0.0	1.0	6	0.0	0	0.0	0	0.6438310742378235	-0.7568904757499695	-0.11224249005317688	0.7651676535606384	0.6368664503097534	0.09444361925125122	0.0	-0.14669007062911987	0.9891825318336487
0.0042031435295939445	0.4656153917312622	-3.2197470664978027	1.0	0.0	1.0	6	0.0	0	0.0	0	0.6438310742378235	-0.7568904757499695	-0.11224249005317688	0.7651676535606384	0.6368664503097534	0.09444361925125122	0.0	-0.14669007062911987	0.9891825318336487
0.008462614379823208	2.8530373573303223	0.9592650532722473	0.0	1.0	0	0	0	0	0	0	0.3906165659427643	0.7594065070152283	-0.5203081965446472	0.9205535054206848	-0.3222373127937317	0.22078125178813934	0.0	-0.5652123093605042	-0.8249454498291016
0.19141492247581482	2.8639416694641113	1.112529993057251	0.0	1.0	1.0	3	0.0	0	0.0	0	0.3906165659427643	0.7594065070152283	-0.5203081965446472	0.9205535054206848	-0.3222373127937317	0.22078125178813934	0.0	-0.5652123093605042	-0.8249454498291016
0.19345366954803467	2.7601675987243652	0.962598979473114	0.0	1.0	0	0	0	0	0	0	0.3906165659427643	0.7594065070152283	-0.5203081965446472	0.9205535054206848	-0.3222373127937317	0.22078125178813934	0.0	-0.5652123093605042	-0.8249454498291016
0.006671776529401541	2.4713518619537354	0.5258423089981079	0.0	1.0	0	0	0	0	0	0	0.2738485634326935	0.6313535571098328	-0.7255340814590454	0.9617727994918823	-0.17976725101470947	0.20658355951309204	0.0	-0.7543715238571167	-0.6564476490020752
0.26925498247146606	2.543766736984253	0.6879675984382629	0.0	1.0	0	0	0	0	0	0	0.2738485634326935	0.6313535571098328	-0.7255340814590454	0.9617727994918823	-0.17976725101470947	0.20658355951309204	0.0	-0.7543715238571167	-0.6564476490020752
0.26430994272232056	2.363982677459717	0.5296545624732971	0.0	1.0	0	0	0	0	0	0	0.2738485634326935	0.6313535571098328	-0.7255340814590454	0.9617727994918823	-0.17976725101470947	0.20658355951309204	0.0	-0.7543715238571167	-0.6564476490020752
0.0010754265822470188	0.8768969774246216	-1.6832795143127441	1.0	0.0	1.0	5	0.0	0	0.0	0	0.5773028135299683	-0.7418642044067383	0.3411142826080322	0.8165302276611328	0.5245124697685242	-0.24117444455623627	-1.8249373567869043e-08	0.41776081919670105	0.908557116985321
0.17298391461372375	0.7797815203666687	-2.185427188873291	1.0	0.0	1.0	5	0.0	0	0.0	0	0.5773028135299683	-0.7418642044067383	0.3411142826080322	0.8165302276611328	0.5245124697685242	-0.24117444455623627	-1.8249373567869043e-08	0.41776081919670105	0.908557116985321
0.18990738689899445	1.017259120941162	-1.6975960731506348	1.0	0.0	1.0	5	0.0	0	0.0	0	0.5773028135299683	-0.7418642044067383	0.3411142826080322	0.8165302276611328	0.5245124697685242	-0.24117444455623627	-1.8249373567869043e-08	0.41776081919670105	0.908557116985321
0.008345089852809906	2.7117722034454346	0.6835468411445618	0.0	1.0	0	0	0	0	0	0	0.4901253581047058	0.7494452595710754	-0.44509443640708923	0.8716519474983215	-0.42140907049179077	0.2502742111682892	0.0	-0.5106331706047058	-0.8597987294197083
0.18762530386447906	2.685481309890747	0.8366968035697937	0.0	1.0	0	0	0	0	0	0	0.4901253581047058	0.7494452595710754	-0.44509443640708923	0.8716519474983215	-0.42140907049179077	0.2502742111682892	0.0	-0.5106331706047058	-0.8597987294197083
0.26925498247146606	2.543766736984253	0.6879675984382629	0.0	1.0	0	0	0	0	0	0	0.4901253581047058	0.7494452595710754	-0.44509443640708923	0.8716519474983215	-0.42140907049179077	0.2502742111682892	0.0	-0.5106331706047058	-0.8597987294197083
0.00619655754417181	2.1795897483825684	0.005549490451812744	0.0	1.0	0	0	0	0	0	0	0.3726451098918915	0.8976049423217773	-0.23545940220355988	0.9279739856719971	-0.36044982075691223	0.09455306082963943	-8.028869125098481e-09	-0.2537349462509155	-0.9672738313674927
0.24812866747379303	2.1438634395599365	0.2522447109222412	0.0	1.0	0	0	0	0	0	0	0.3726451098918915	0.8976049423217773	-0.23545940220355988	0.9279739856719971	-0.36044982075691223	0.09455306082963943	-8.028869125098481e-09	-0.2537349462509155	-0.9672738313674927
0.26718831062316895	2.07224178314209	0.009377062320709229	0.0	1.0	0	0	0	0	0	0	0.3726451098918915	0.8976049423217773	-0.23545940220355988	0.9279739856719971	-0.36044982075691223	0.09455306082963943	-8.028869125098481e-09	-0.2537349462509155	-0.9672738313674927
0.0002492745406925678	2.4180383682250977	1.770503282546997	0.0	0.0	1.0	3	0.0	0	0.0	0	0.08654358237981796	-0.9778037071228027	-0.19081425666809082	0.9962480664253235	0.0849413275718689	0.016575941815972328	0.0	-0.19153288006782532	0.9814862012863159
0.22538410127162933	2.4587135314941406	1.6641781330108643	0.0	0.0	1.0	3	0.0	0	0.0	0	0.08654358237981796	-0.9778037071228027	-0.19081425666809082	0.9962480664253235	0.0849413275718689	0.016575941815972328	0.0	-0.19153288006782532	0.9814862012863159
0.17155136168003082	2.4236562252044678	1.8194091320037842	0.0	0.0	1.0	3	0.0	0	0.0	0	0.08654358237981796	-0.9778037071228027	-0.19081425666809082	0.9962480664253235	0.0849413275718689	0.016575941815972328	0.0	-0.19153288006782532	0.9814862012863159
0.00826002936810255	0.8362176418304443	-3.2890818119049072	1.0	1.0	1.0	6	0.0	0	0.0	0	0.16225120425224304	0.9751559495925903	0.15081574022769928	0.9867494702339172	-0.16034488379955292	-0.02479862980544567	1.887657585797342e-09	0.15284095704555511	-0.9882507920265198
0.21394598484039307	0.919592559337616	-4.049455642700195	1.0	1.0	1.0	6	0.0	0	0.0	0	0.16225120425224304	0.9751559495925903	0.15081574022769928	0.9867494702339172	-0.16034488379955292	-0.02479862980544567	1.887657585797342e-09	0.15284095704555511	-0.9882507920265198
