1248	416	15
1.43941068649292	0.9320183992385864	-0.3461682200431824	0.4778687655925751	0.8681349158287048	1.0	4	0.0	0	0.0	0	0.05163683742284775	0.9986659288406372	0.0	-0.017079100012779236	0.0008830888546071947	-0.9998537302017212	-0.9985199570655823	0.05162929370999336	0.017101917415857315
2.2888576984405518	0.8880970478057861	0.1933109015226364	0.4472479224205017	0.793532133102417	1.0	4	0.0	0	0.0	0	0.05163683742284775	0.9986659288406372	0.0	-0.017079098150134087	0.0008830887381918728	-0.9998537302017212	-0.9985199570655823	0.05162929370999336	0.017101915553212166
2.2888576984405518	0.8880970478057861	-0.21348632872104645	0.4778687655925751	0.7929151654243469	1.0	4	0.0	0	0.0	0	0.05163683742284775	0.9986659288406372	0.0	-0.017079098150134087	0.0008830887381918728	-0.9998537302017212	-0.9985199570655823	0.05162929370999336	0.017101915553212166
1.4197402000427246	0.9508335590362549	0.3180583715438843	9.951402898877859e-05	0.1504145711660385	1.0	4	0.0	0	0.0	0	-0.1552114337682724	0.6120542883872986	0.7754347324371338	0.09488681703805923	-0.7720814943313599	0.6284001469612122	0.9833136796951294	0.17111341655254364	0.061759985983371735
1.2799530029296875	0.6201134920120239	0.5511174201965332	0.06935462355613708	0.1193259134888649	1.0	4	0.0	0	0.0	0	-0.1552114337682724	0.6120542883872986	0.7754347324371338	0.09488682448863983	-0.7720815539360046	0.6284001469612122	0.983313798904419	0.17111341655254364	0.06175999715924263
1.7824053764343262	0.6117353439331055	0.6583014726638794	0.0879211574792862	0.20572175085544586	1.0	4	0.0	0	0.0	0	-0.1552114337682724	0.6120542883872986	0.7754347324371338	0.09488682448863983	-0.7720815539360046	0.6284001469612122	0.983313798904419	0.17111341655254364	0.06175999715924263
1.2449021339416504	-0.32756248116493225	-0.6501240134239197	0.12965121865272522	0.46028077602386475	1.0	4	0.0	0	0.0	0	-0.9728652238845825	0.23135337233543396	0.0029822983779013157	-0.12542350590229034	-0.5381627678871155	0.8334565758705139	0.194427952170372	0.8104668259620667	0.552577018737793
1.1327667236328125	-0.8040059208869934	-0.26982513070106506	0.17254017293453217	0.4437738060951233	0.5	4	0.5	3	0.0	0	-0.9728652238845825	0.23135337233543396	0.0029822983779013157	-0.12542350590229034	-0.5381627678871155	0.8334566354751587	0.1944279670715332	0.8104668855667114	0.552577018737793
1.2350564002990723	-0.3850475549697876	0.5975031852722168	0.2114686667919159	0.513766348361969	1.0	4	0.0	0	0.0	0	-0.9728652238845825	0.23135337233543396	0.0029822983779013157	-0.12542350590229034	-0.5381627678871155	0.8334565758705139	0.194427952170372	0.8104668259620667	0.552577018737793
1.1427322626113892	-0.9201763868331909	-0.3176521956920624	0.48368197679519653	0.6950587034225464	1.0	3	0.0	0	0.0	0	0.01825856976211071	0.5768107175827026	-0.816673755645752	-0.021121324971318245	-0.8164051175117493	-0.5770931839942932	-0.999610185623169	0.027786128222942352	-0.0027233827859163284
2.4282736778259277	-1.1496539115905762	-0.45098933577537537	0.49934741854667664	0.5860680341720581	0.3333333333333333	3	0.3333333333333333	2	0.3333333333333333	0	0.01825856976211071	0.5768107175827026	-0.816673755645752	-0.021121324971318245	-0.816405177116394	-0.5770931839942932	-0.999610185623169	0.027786128222942352	-0.002723383018746972
1.112595558166504	-1.1402287483215332	-0.4737473428249359	0.49934741854667664	0.6971215605735779	0.3333333333333333	3	0.3333333333333333	2	0.3333333333333333	0	0.01825856976211071	0.5768107175827026	-0.816673755645752	-0.021121326833963394	-0.8164051175117493	-0.5770931839942932	-0.999610185623169	0.0277861300855875	-0.002723381854593754
2.4295191764831543	-0.38151994347572327	0.6811128854751587	0.7879630327224731	0.5092127323150635	1.0	4	0.0	0	0.0	0	0.9990143179893494	0.044385865330696106	-0.0006076222052797675	-0.025439314544200897	0.5612503290176392	-0.8272550702095032	-0.036377400159835815	0.8264549970626831	0.561826229095459
2.4484448432922363	-0.8134310841560364	0.2470671385526657	0.7970172166824341	0.4585590958595276	0.5	4	0.5	3	0.0	0	0.9990143179893494	0.044385865330696106	-0.0006076222052797675	-0.025439316406846046	0.5612503290176392	-0.827255129814148	-0.036377400159835815	0.8264550566673279	0.561826229095459
2.427356243133545	-0.35083886981010437	-0.6338396072387695	0.8721039295196533	0.4491410255432129	1.0	4	0.0	0	0.0	0	0.9990143179893494	0.044385865330696106	-0.0006076222052797675	-0.025439316406846046	0.5612503290176392	-0.827255129814148	-0.036377400159835815	0.8264550566673279	0.561826229095459
1.8415210247039795	0.010364443063735962	-0.7129979133605957	0.4102405905723572	0.6362003684043884	1.0	4	0.0	0	0.0	0	-0.0005715047009289265	-0.2149556428194046	-0.9766237139701843	-0.00564646627753973	-0.9766075015068054	0.2149553745985031	-0.9999839067459106	0.005637320689857006	-0.000655603944323957
2.398122549057007	0.01000925898551941	-0.7132454514503479	0.4099003076553345	0.5892040133476257	1.0	4	0.0	0	0.0	0	-0.0005715047009289265	-0.2149556428194046	-0.9766237139701843	-0.005646466743201017	-0.976607620716095	0.2149554044008255	-0.9999839067459106	0.005637320689857006	-0.000655603944323957
2.427356243133545	-0.35083886981010437	-0.6338396072387695	0.437747061252594	0.586559534072876	1.0	4	0.0	0	0.0	0	-0.0005715047009289265	-0.2149556428194046	-0.9766237139701843	-0.005646467208862305	-0.9766075611114502	0.2149553894996643	-0.9999839663505554	0.005637321621179581	-0.0006556041771546006
1.2449021339416504	-0.32756248116493225	-0.6501240134239197	0.43665266036987305	0.6863887310028076	1.0	4	0.0	0	0.0	0	0.00902235321700573	-0.6251094341278076	-0.7804850339889526	0.004597031977027655	-0.7804826498031616	0.6251606345176697	-0.9999487996101379	-0.009228333830833435	-0.004168141633272171
2.4484448432922363	-0.8134310841560364	-0.2470671385526657	0.4752010107040405	0.5850375890731812	0.5	4	0.5	3	0.0	0	0.00902235321700573	-0.6251094341278076	-0.7804850339889526	0.004597032442688942	-0.7804826498031616	0.6251606345176697	-0.9999487996101379	-0.00922833476215601	-0.004168141633272171
1.1327667236328125	-0.8040059208869934	-0.26982513070106506	0.47520098090171814	0.6960911154747009	0.5	4	0.5	3	0.0	0	0.00902235321700573	-0.6251094341278076	-0.7804850339889526	0.004597032442688942	-0.7804825901985168	0.6251606345176697	-0.9999487400054932	-0.00922833476215601	-0.004168141167610884
1.7623035907745361	0.07439140975475311	0.7586153745651245	0.17883574962615967	0.1896975338459015	1.0	4	0.0	0	0.0	0	0.04368343949317932	0.18175968527793884	0.9823722243309021	0.13364531099796295	-0.975536048412323	0.17455200850963593	0.9900660514831543	0.12366440892219543	-0.06690609455108643
2.3237476348876953	0.5882793664932251	0.6385692954063416	0.10223271697759628	0.2977346181869507	1.0	4	0.0	0	0.0	0	0.04368343949317932	0.18175968527793884	0.9823722243309021	0.13364531099796295	-0.9755361080169678	0.17455200850963593	0.9900659918785095	0.12366439402103424	-0.06690609455108643
1.7824053764343262	0.6117353439331055	0.6583014726638794	0.0879211574792862	0.20572175085544586	1.0	4	0.0	0	0.0	0	0.04368343949317932	0.18175968527793884	0.9823722243309021	0.13364528119564056	-0.975536048412323	0.17455200850963593	0.9900660514831543	0.12366437911987305	-0.06690609455108643
1.8469512462615967	-0.4255293905735016	0.62369304895401	0.26850536465644836	0.18979895114898682	1.0	4	0.0	0	0.0	0	-0.05896475166082382	-0.2694052457809448	0.9612200856208801	0.16023223102092743	-0.9529647827148438	-0.25726228952407837	0.9853165745735168	0.13884902000427246	0.09935872256755829
1.7623035907745361	0.07439140975475311	0.7586153745651245	0.17883574962615967	0.1896975338459015	1.0	4	0.0	0	0.0	0	-0.05896475166082382	-0.2694052457809448	0.9612200856208801	0.16023223102092743	-0.9529647827148438	-0.25726228952407837	0.9853165745735168	0.13884902000427246	0.09935872256755829
1.2350564002990723	-0.3850475549697876	0.5975031852722168	0.24526366591453552	0.08589102327823639	1.0	4	0.0	0	0.0	0	-0.05896475166082382	-0.2694052457809448	0.9612200856208801	0.16023223102092743	-0.9529647827148438	-0.25726228952407837	0.9853165745735168	0.13884902000427246	0.09935872256755829
1.8469512462615967	-0.4255293905735016	0.62369304895401	0.26850536465644836	0.18979895114898682	1.0	4	0.0	0	0.0	0	-0.07389531284570694	-0.6031314134597778	0.7942115664482117	0.19023685157299042	-0.7902898788452148	-0.582453191280365	0.9789532423019409	0.10804774612188339	0.17313654720783234
1.2350564002990723	-0.3850475549697876	0.5975031852722168	0.24526366591453552	0.08589102327823639	1.0	4	0.0	0	0.0	0	-0.07389531284570694	-0.6031314134597778	0.7942115664482117	0.19023685157299042	-0.7902898788452148	-0.582453191280365	0.9789532423019409	0.10804774612188339	0.17313654720783234
1.1327667236328125	-0.8040059208869934	0.26982513070106506	0.3327302038669586	0.05083680897951126	0.5	4	0.5	3	0.0	0	-0.07389531284570694	-0.6031314134597778	0.7942115664482117	0.1902368664741516	-0.7902899384498596	-0.582453191280365	0.9789532423019409	0.10804775357246399	0.17313656210899353
2.7475595474243164	-1.608044981956482	-0.42917177081108093	0.8081024289131165	0.3710898756980896	0.5	2	0.5	0	0.0	0	0.9947598576545715	-0.10223947465419769	0.0	0.05825743451714516	0.5668275952339172	-0.8217741250991821	0.08401774615049362	0.8174678087234497	0.5698134899139404
2.7475595474243164	-1.608044981956482	0.42917177081108093	0.752754271030426	0.4126513600349426	0.5	2	0.5	0	0.0	0	0.9947598576545715	-0.10223947465419769	0.0	0.05825742706656456	0.5668275356292725	-0.8217740654945374	0.08401774615049362	0.8174678683280945	0.5698134899139404
2.698392629623413	-2.0864245891571045	0.4162018895149231	0.7330833077430725	0.37844154238700867	0.5	2	0.5	0	0.0	0	0.9947598576545715	-0.10223947465419769	0.0	0.05825742706656456	0.5668275356292725	-0.8217740654945374	0.08401774615049362	0.8174678683280945	0.5698134899139404
1.1427322626113892	-0.9201763868331909	0.3176521956920624	0.3544348180294037	0.04800879582762718	1.0	3	0.0	0	0.0	0	0.01825857162475586	0.5768107175827026	0.816673755645752	0.21123746037483215	-0.8005976676940918	0.5607336163520813	0.9772642850875854	0.16227388381958008	-0.1364617943763733
2.4282736778259277	-1.1496539115905762	0.45098933577537537	0.4464920163154602	0.2565775215625763	0.3333333333333333	3	0.3333333333333333	2	0.3333333333333333	0	0.01825857162475586	0.5768107175827026	0.816673755645752	0.21123747527599335	-0.8005977272987366	0.5607336163520813	0.9772642850875854	0.16227389872074127	-0.13646180927753448
2.4584105014801025	-0.9296015501022339	0.29489418864250183	0.40179815888404846	0.2715941369533539	1.0	3	0.0	0	0.0	0	0.01825857162475586	0.5768107175827026	0.816673755645752	0.21123750507831573	-0.8005977272987366	0.5607336163520813	0.9772642850875854	0.16227391362190247	-0.13646182417869568
1.1427322626113892	-0.9201763868331909	0.3176521956920624	0.2160414308309555	0.46352672576904297	1.0	3	0.0	0	0.0	0	-0.996340811252594	-0.08546986430883408	0.0	0.04794813320040703	-0.5589417815208435	0.8278194665908813	-0.07075361907482147	0.824790358543396	0.5609946250915527
1.1327667236328125	-0.8040059208869934	-0.26982513070106506	0.17254017293453217	0.4437738060951233	0.5	4	0.5	3	0.0	0	-0.996340811252594	-0.08546986430883408	0.0	0.04794813320040703	-0.5589417815208435	0.8278194665908813	-0.07075361907482147	0.824790358543396	0.5609946250915527
1.1427322626113892	-0.9201763868331909	-0.3176521956920624	0.17431941628456116	0.43331870436668396	1.0	3	0.0	0	0.0	0	-0.996340811252594	-0.08546986430883408	0.0	0.04794813320040703	-0.5589417815208435	0.8278194665908813	-0.07075361907482147	0.824790358543396	0.5609946250915527
2.4584105014801025	-0.9296015501022339	-0.29489418864250183	0.8275288343429565	0.4238804280757904	1.0	3	0.0	0	0.0	0	0.9963407516479492	0.08547087758779526	0.0	-0.0489635206758976	0.5707716345787048	-0.8196476101875305	-0.0700559988617897	0.8166482448577881	0.5728679299354553
2.4484448432922363	-0.8134310841560364	0.2470671385526657	0.7970172166824341	0.4585590958595276	0.5	4	0.5	3	0.0	0	0.9963407516479492	0.08547087758779526	0.0	-0.048963528126478195	0.5707716941833496	-0.8196476697921753	-0.0700559988617897	0.8166483044624329	0.5728679895401001
2.4584105014801025	-0.9296015501022339	0.29489418864250183	0.7891001105308533	0.45273691415786743	1.0	3	0.0	0	0.0	0	0.9963407516479492	0.08547087758779526	0.0	-0.0489635206758976	0.5707716345787048	-0.8196476101875305	-0.0700559988617897	0.8166482448577881	0.5728679299354553
1.3284906148910522	0.5850142240524292	-0.6526888012886047	0.4549623131752014	0.7002729773521423	1.0	4	0.0	0	0.0	0	-0.02209613099694252	0.16025100648403168	-0.9868289828300476	0.011977938003838062	0.9870415925979614	0.16001734137535095	0.9996841549873352	-0.008284411393105984	-0.02372927777469158
2.3603222370147705	0.491672158241272	-0.6909503936767578	0.4486648440361023	0.7875333428382874	1.0	4	0.0	0	0.0	0	-0.02209613099694252	0.16025100648403168	-0.9868289828300476	0.011977937072515488	0.9870415925979614	0.16001734137535095	0.9996841549873352	-0.008284411393105984	-0.02372927777469158
1.8126575946807861	-0.022424519062042236	-0.7621716856956482	0.4099003076553345	0.7417960166931152	1.0	4	0.0	0	0.0	0	-0.02209613099694252	0.16025100648403168	-0.9868289828300476	0.011977936141192913	0.9870415925979614	0.16001734137535095	0.9996841549873352	-0.008284409530460835	-0.02372927777469158
2.4484448432922363	-0.8134310841560364	-0.2470671385526657	0.4752010107040405	0.5850375890731812	0.5	4	0.5	3	0.0	0	0.01871899701654911	0.38200244307518005	-0.9239717125892639	-0.01803225465118885	-0.923854410648346	-0.38231927156448364	-0.9996622204780579	0.02381792850792408	-0.010405262932181358
1.1427322626113892	-0.9201763868331909	-0.3176521956920624	0.48368197679519653	0.6950587034225464	1.0	3	0.0	0	0.0	0	0.01871899701654911	0.38200244307518005	-0.9239717125892639	-0.0180322527885437	-0.923854410648346	-0.38231927156448364	-0.9996622204780579	0.02381792664527893	-0.010405263863503933
1.1327667236328125	-0.8040059208869934	-0.26982513070106506	0.47520098090171814	0.6960911154747009	0.5	4	0.5	3	0.0	0	0.01871899701654911	0.38200244307518005	-0.9239717125892639	-0.0180322527885437	-0.9238542914390564	-0.3823191821575165	-0.9996622204780579	0.02381792664527893	-0.010405262932181358
2.4484448432922363	-0.8134310841560364	0.2470671385526657	0.38009366393089294	0.27442213892936707	0.5	4	0.5	3	0.0	0	0.018719008192420006	0.3820023536682129	0.9239717721939087	0.20718985795974731	-0.9055556654930115	0.37019097805023193	0.9781216979026794	0.18450798094272614	-0.09609811753034592
1.1427322626113892	-0.9201763868331909	0.3176521956920624	0.3544348180294037	0.04800879582762718	1.0	3	0.0	0	0.0	0	0.018719008192420006	0.3820023536682129	0.9239717721939087	0.20718985795974731	-0.9055556654930115	0.37019097805023193	0.9781216979026794	0.18450798094272614	-0.09609811753034592
2.4584105014801025	-0.9296015501022339	0.29489418864250183	0.40179815888404846	0.2715941369533539	1.0	3	0.0	0	0.0	0	0.018719008192420006	0.3820023536682129	0.9239717721939087	0.2071898728609085	-0.9055557250976562	0.37019097805023193	0.9781216382980347	0.18450796604156494	-0.09609811007976532
1.3118224143981934	-5.9938578605651855	-0.6788985133171082	0.3635941445827484	0.05852276459336281	1.0	10	0.0	0	0.0	0	-0.9409626722335815	-0.27043601870536804	-0.20360146462917328	-0.023627789691090584	-0.5475256443023682	0.8364552855491638	-0.33768466114997864	0.7918838262557983	0.5088114142417908
1.4347610473632812	-6.603934288024902	-0.4367294907569885	0.4042542278766632	0.026012999936938286	1.0	10	0.0	0	0.0	0	-0.9409626722335815	-0.27043601870536804	-0.20360146462917328	-0.023627804592251778	-0.5475255846977234	0.8364552855491638	-0.337684690952301	0.7918839454650879	0.5088114142417908
1.1952744722366333	-5.900186061859131	-0.2646823227405548	0.386200875043869	0.08478706330060959	1.0	10	0.0	0	0.0	0	-0.9409626722335815	-0.27043601870536804	-0.20360146462917328	-0.023627793416380882	-0.5475256443023682	0.8364553451538086	-0.33768466114997864	0.7918838858604431	0.5088114142417908
2.4458491802215576	-1.0344847440719604	-0.9212732315063477	0.20099623501300812	0.6251569390296936	0.5	2	0.5	0	0.0	0	0.013842485845088959	0.9048435688018799	-0.42551907896995544	0.9992794990539551	0.0025227011647075415	0.03787177428603172	0.03534149006009102	-0.42573675513267517	-0.9041566848754883
1.2038419246673584	-1.235903024673462	-1.389981985092163	0.10553250461816788	0.6579999923706055	0.3333333333333333	5	0.3333333333333333	2	0.3333333333333333	0	0.013842485845088959	0.9048435688018799	-0.42551907896995544	0.9992793798446655	0.002522700699046254	0.037871770560741425	0.03534149006009102	-0.42573675513267517	-0.9041566848754883
1.1301710605621338	-1.0250595808029175	-0.9440312385559082	0.1009238064289093	0.6230456233024597	0.5	2	0.5	0	0.0	0	0.013842485845088959	0.9048435688018799	-0.42551907896995544	0.9992794990539551	0.0025227011647075415	0.03787177428603172	0.03534149006009102	-0.42573675513267517	-0.9041566848754883
2.642578601837158	-2.537567138671875	0.4228042662143707	0.5274069309234619	0.5174102187156677	0.4507606726868248	2	0.4507606726868248	0	0.09847865462635043	12	0.9338284134864807	-0.31045711040496826	0.1777103990316391	-0.28542184829711914	-0.34718120098114014	0.893308162689209	-0.21563617885112762	-0.8849189877510071	-0.41281890869140625
2.4326939582824707	-2.6506423950195312	1.3281605243682861	0.6937910318374634	0.47554925084114075	0.5	2	0.5	0	0.0	0	0.9338284134864807	-0.31045711040496826	0.1777103990316391	-0.2854219079017639	-0.3471812307834625	0.8933082818984985	-0.21563617885112762	-0.8849189877510071	-0.41281893849372864
2.2967259883880615	-3.296908140182495	0.9136262536048889	0.6741592288017273	0.6170863509178162	1.0	0	0.0	0	0.0	0	0.9338284134864807	-0.31045711040496826	0.1777103990316391	-0.28542187809944153	-0.3471812307834625	0.8933082818984985	-0.21563617885112762	-0.8849189877510071	-0.41281890869140625
1.112595558166504	-1.1402287483215332	0.4737473428249359	0.23517288267612457	0.45532697439193726	0.3333333333333333	3	0.3333333333333333	2	0.3333333333333333	0	-0.9999362826347351	0.009088719263672829	-0.006693879142403603	-0.010738154873251915	-0.583147406578064	0.8122954964637756	0.003479206934571266	0.8123156428337097	0.5832078456878662
1.106115460395813	-2.5722529888153076	-0.5026043653488159	0.23606553673744202	0.30480265617370605	0.4	2	0.4	0	0.2	9	-0.9999362826347351	0.009088719263672829	-0.006693879142403603	-0.010738154873251915	-0.583147406578064	0.8122954964637756	0.003479206934571266	0.8123156428337097	0.5832078456878662
1.098724126815796	-2.6657514572143555	0.4745691418647766	0.29874059557914734	0.34771090745925903	0.4	2	0.4	0	0.2	12	-0.9999362826347351	0.009088719263672829	-0.006693879142403603	-0.010738154873251915	-0.583147406578064	0.8122954964637756	0.003479206934571266	0.8123156428337097	0.5832078456878662
2.2967259883880615	-3.296908140182495	0.9136262536048889	0.6956127285957336	0.8738021850585938	1.0	0	0.0	0	0.0	0	0.017103811725974083	-0.24562837183475494	0.9692131876945496	0.9997856020927429	0.015517876483500004	-0.013710618950426579	-0.011672412976622581	0.9692398905754089	0.2458411306142807
1.3622934818267822	-4.117976188659668	0.7220324277877808	0.6239384412765503	0.8051571846008301	0.5	12	0.5	0	0.0	0	0.017103811725974083	-0.24562837183475494	0.9692131876945496	0.9997856020927429	0.015517876483500004	-0.013710618950426579	-0.011672412976622581	0.9692398905754089	0.2458411306142807
2.196657180786133	-4.091784477233887	0.7139461040496826	0.687421441078186	0.8062841296195984	0.5	12	0.5	0	0.0	0	0.017103811725974083	-0.24562837183475494	0.9692131876945496	0.9997855424880981	0.01551787555217743	-0.013710618950426579	-0.011672412976622581	0.9692398309707642	0.2458411157131195
1.1365976333618164	-1.8582180738449097	1.4457381963729858	0.3268979787826538	0.44930723309516907	0.3333333333333333	7	0.3333333333333333	2	0.3333333333333333	0	-0.9999861121177673	0.004242428112775087	0.0031301185954362154	0.0003026421181857586	-0.5465351939201355	0.8374360799789429	0.005263482220470905	0.8374254107475281	0.546526312828064
1.139521837234497	-1.1747058629989624	1.4535372257232666	0.2989402115345001	0.49791696667671204	0.3333333333333333	7	0.3333333333333333	2	0.3333333333333333	0	-0.9999861121177673	0.004242428112775087	0.0031301185954362154	0.00030264235101640224	-0.5465351939201355	0.8374361395835876	0.005263482220470905	0.8374253511428833	0.5465262532234192
1.1387450695037842	-1.0252654552459717	1.0028363466262817	0.2640331983566284	0.48770231008529663	0.5	2	0.5	0	0.0	0	-0.9999861121177673	0.004242428112775087	0.0031301185954362154	0.0003026423801202327	-0.5465351939201355	0.8374361991882324	0.005263482220470905	0.8374254107475281	0.5465262532234192
1.1387450695037842	-1.0252654552459717	1.0028363466262817	0.49177196621894836	0.01623808592557907	0.5	2	0.5	0	0.0	0	0.01224242988973856	0.949118435382843	0.31468135118484497	0.11946727335453033	-0.3138391077518463	0.9419302940368652	0.9927626848220825	0.026062607765197754	-0.11723074316978455
2.4552001953125	-1.1841310262680054	1.430779218673706	0.6126452684402466	0.2224178910255432	0.3333333333333333	7	0.3333333333333333	2	0.3333333333333333	0	0.01224242988973856	0.949118435382843	0.31468135118484497	0.11946727335453033	-0.3138390779495239	0.9419302940368652	0.9927626848220825	0.026062607765197754	-0.11723074316978455
2.454423189163208	-1.0346906185150146	0.980078399181366	0.5344638824462891	0.23162874579429626	0.5	2	0.5	0	0.0	0	0.01224242988973856	0.949118435382843	0.31468135118484497	0.11946727335453033	-0.3138390779495239	0.9419302940368652	0.9927626848220825	0.026062607765197754	-0.11723074316978455
1.3235595226287842	-3.2250564098358154	-0.8925715684890747	0.52227383852005	0.6942821741104126	1.0	0	0.0	0	0.0	0	-0.05540380999445915	-0.19365964829921722	-0.9795030951499939	0.9982914328575134	0.007497611455619335	-0.05794890969991684	0.018566299229860306	-0.9810401797294617	0.19291336834430695
2.065261125564575	-4.087145805358887	-0.7640790343284607	0.5777530670166016	0.7685326337814331	0.5	9	0.5	0	0.0	0	-0.05540380999445915	-0.19365964829921722	-0.9795030951499939	0.9982913732528687	0.007497610058635473	-0.05794890597462654	0.018566295504570007	-0.9810401201248169	0.19291335344314575
1.3241231441497803	-4.076582908630371	-0.7242463231086731	0.5213362574577332	0.7671523690223694	0.5	9	0.5	0	0.0	0	-0.05540380999445915	-0.19365964829921722	-0.9795030951499939	0.9982914328575134	0.00749761238694191	-0.05794890969991684	0.018566299229860306	-0.9810401797294617	0.19291336834430695
2.4458491802215576	-1.0344847440719604	-0.9212732315063477	0.8612229228019714	0.3878299295902252	0.5	2	0.5	0	0.0	0	0.9111631512641907	0.15004713833332062	-0.38375481963157654	-0.4034448266029358	0.5141749978065491	-0.7568727731704712	0.08375052362680435	0.8444583415985107	0.5290330052375793
2.7475595474243164	-1.608044981956482	-0.42917177081108093	0.8081024289131165	0.3710898756980896	0.5	2	0.5	0	0.0	0	0.9111631512641907	0.15004713833332062	-0.38375481963157654	-0.4034448266029358	0.5141749978065491	-0.7568727135658264	0.08375053852796555	0.8444583415985107	0.5290330052375793
2.397878408432007	-1.8285046815872192	-1.345631718635559	0.8540615439414978	0.3121039867401123	0.3333333333333333	5	0.3333333333333333	2	0.3333333333333333	0	0.9111631512641907	0.15004713833332062	-0.38375481963157654	-0.4034448266029358	0.5141749978065491	-0.7568727731704712	0.08375052362680435	0.8444583415985107	0.5290330052375793
1.106115460395813	-2.5722529888153076	-0.5026043653488159	0.23606553673744202	0.30480265617370605	0.4	2	0.4	0	0.2	9	-0.9527373909950256	-0.3028199076652527	-0.02432314306497574	0.13832327723503113	-0.5036889910697937	0.8527392745018005	-0.27047768235206604	0.8090720176696777	0.5217702984809875
1.13425612449646	-2.598712682723999	-1.2754544019699097	0.18451642990112305	0.27162325382232666	0.5	2	0.5	0	0.0	0	-0.9527373909950256	-0.3028199076652527	-0.02432314306497574	0.13832327723503113	-0.5036889910697937	0.8527392745018005	-0.27047768235206604	0.8090720176696777	0.5217702984809875
1.3235595226287842	-3.2250564098358154	-0.8925715684890747	0.2347302883863449	0.244130477309227	1.0	0	0.0	0	0.0	0	-0.9527373909950256	-0.3028199076652527	-0.02432314306497574	0.13832327723503113	-0.5036889910697937	0.8527392745018005	-0.27047768235206604	0.8090720176696777	0.5217702984809875
1.1175963878631592	-2.617993116378784	1.3537309169769287	0.6059531569480896	0.9338294267654419	0.49269325950439813	2	0.49269325950439813	0	0.014613480991203732	7	0.01630498468875885	-0.1206052303314209	0.9925666451454163	0.9997735619544983	0.0155453160405159	-0.014534485526382923	-0.01367682684212923	0.9925788640975952	0.12083139270544052
1.1170156002044678	-2.6412172317504883	1.3509185314178467	0.6058862209320068	0.9318621754646301	0.5	2	0.5	0	0.0	0	0.01630498468875885	-0.1206052303314209	0.9925666451454163	0.9997735023498535	0.01554531417787075	-0.014534483663737774	-0.013676824979484081	0.9925788044929504	0.12083138525485992
2.4326939582824707	-2.6506423950195312	1.3281605243682861	0.705947995185852	0.9293299317359924	0.5	2	0.5	0	0.0	0	0.01630498468875885	-0.1206052303314209	0.9925666451454163	0.9997735619544983	0.015545315109193325	-0.014534486457705498	-0.013676825910806656	0.9925788640975952	0.12083139270544052
2.4282736778259277	-1.1496539115905762	0.45098933577537537	0.4464920163154602	0.2565775215625763	0.3333333333333333	3	0.3333333333333333	2	0.3333333333333333	0	0.0033246127422899008	0.9771583676338196	-0.21248650550842285	0.3146452009677887	0.2006729692220688	0.9277546405792236	0.9492035508155823	-0.06994228810071945	-0.3067910373210907
1.1387450695037842	-1.0252654552459717	1.0028363466262817	0.49177196621894836	0.01623808592557907	0.5	2	0.5	0	0.0	0	0.0033246127422899008	0.9771583676338196	-0.21248650550842285	0.3146452009677887	0.20067298412322998	0.9277547001838684	0.9492034912109375	-0.06994228065013885	-0.3067910075187683
2.454423189163208	-1.0346906185150146	0.980078399181366	0.5344638824462891	0.23162874579429626	0.5	2	0.5	0	0.0	0	0.0033246127422899008	0.9771583676338196	-0.21248650550842285	0.3146452009677887	0.2006729692220688	0.9277546405792236	0.9492035508155823	-0.06994228810071945	-0.3067910373210907
1.2740941047668457	-2.014143943786621	2.07637882232666	0.37336352467536926	0.46669894456863403	1.0	7	0.0	0	0.0	0	-0.9871870279312134	0.014158524572849274	0.15893836319446564	0.12668417394161224	-0.536080539226532	0.8346070051193237	0.09702055156230927	0.8440480828285217	0.5274180173873901
1.3649611473083496	-1.3289026021957397	2.579723358154297	0.3767698407173157	0.5378451943397522	0.5	8	0.5	7	0.0	0	-0.9871870279312134	0.014158524572849274	0.15893836319446564	0.12668415904045105	-0.536080539226532	0.834606945514679	0.09702056646347046	0.8440481424331665	0.5274180769920349
1.2780475616455078	-1.0230467319488525	2.0126454830169678	0.328048437833786	0.5337263941764832	1.0	7	0.0	0	0.0	0	-0.9871870279312134	0.014158524572849274	0.15893836319446564	0.12668415904045105	-0.536080539226532	0.834606945514679	0.09702056646347046	0.8440481424331665	0.5274180769920349
2.4326939582824707	-2.6506423950195312	1.3281605243682861	0.705947995185852	0.9293299317359924	0.5	2	0.5	0	0.0	0	-0.057153791189193726	-0.5304776430130005	0.8457699418067932	0.9970861673355103	0.012542331591248512	0.07524584978818893	-0.05052416771650314	0.8476061224937439	0.5282150506973267
1.290029525756836	-3.0976667404174805	0.9705644249916077	0.6192073822021484	0.8920575380325317	1.0	0	0.0	0	0.0	0	-0.057153791189193726	-0.5304776430130005	0.8457699418067932	0.9970861673355103	0.012542329728603363	0.07524584978818893	-0.05052416771650314	0.8476061224937439	0.5282150506973267
2.2967259883880615	-3.296908140182495	0.9136262536048889	0.6956127285957336	0.8738021850585938	1.0	0	0.0	0	0.0	0	-0.057153791189193726	-0.5304776430130005	0.8457699418067932	0.9970861673355103	0.012542336247861385	0.07524585723876953	-0.05052417516708374	0.8476061224937439	0.5282150506973267
2.4282736778259277	-1.1496539115905762	-0.45098933577537537	0.20099623501300812	0.5861164927482605	0.3333333333333333	3	0.3333333333333333	2	0.3333333333333333	0	0.0028417352586984634	0.9712700247764587	0.23796331882476807	0.9992581605911255	-0.011897590942680836	0.036628108471632004	0.03840697184205055	0.23768267035484314	-0.9705832004547119
1.1301710605621338	-1.0250595808029175	-0.9440312385559082	0.1009238064289093	0.6230456233024597	0.5	2	0.5	0	0.0	0	0.0028417352586984634	0.9712700247764587	0.23796331882476807	0.9992582201957703	-0.011897592805325985	0.0366281121969223	0.03840697556734085	0.23768268525600433	-0.9705832600593567
1.112595558166504	-1.1402287483215332	-0.4737473428249359	0.1009237989783287	0.5840051174163818	0.3333333333333333	3	0.3333333333333333	2	0.3333333333333333	0	0.0028417352586984634	0.9712700247764587	0.23796331882476807	0.9992582201957703	-0.011897592805325985	0.0366281121969223	0.03840697556734085	0.23768268525600433	-0.9705832600593567
1.1544878482818604	-1.8585411310195923	-1.3549628257751465	0.511335015296936	0.575765073299408	0.3333333333333333	5	0.3333333333333333	2	0.3333333333333333	0	-0.024270758032798767	-0.10611715912818909	-0.9940574169158936	0.9996213912963867	0.010319177992641926	-0.025508195161819458	0.012964711524546146	-0.9943000674247742	0.10582651942968369
2.290004253387451	-2.5234243869781494	-1.3117101192474365	0.5970684885978699	0.6332181692123413	0.5	2	0.5	0	0.0	0	-0.024270758032798767	-0.10611715912818909	-0.9940574169158936	0.9996213912963867	0.0103191789239645	-0.025508195161819458	0.012964712455868721	-0.9943000674247742	0.10582651942968369
1.13425612449646	-2.598712682723999	-1.2754544019699097	0.5090637803077698	0.6385980844497681	0.5	2	0.5	0	0.0	0	-0.024270758032798767	-0.10611715912818909	-0.9940574169158936	0.9996213912963867	0.0103191789239645	-0.025508195161819458	0.012964712455868721	-0.9943000674247742	0.10582651942968369
2.380422830581665	-1.9872418642044067	-1.8648786544799805	0.8012409210205078	0.9101612567901611	1.0	5	0.0	0	0.0	0	-0.011562115512788296	-0.9699599742889404	-0.2429896742105484	0.9998805522918701	-0.01370725966989994	0.007139226421713829	-0.010255485773086548	-0.24287810921669006	0.9700025916099548
1.5111727714538574	-1.828919768333435	-2.455503463745117	0.7347128391265869	0.8606868982315063	0.5	6	0.5	5	0.0	0	-0.011562115512788296	-0.9699599742889404	-0.2429896742105484	0.9998806118965149	-0.013707260601222515	0.007139227353036404	-0.010255487635731697	-0.24287812411785126	0.9700026512145996
2.2421486377716064	-1.831511378288269	-2.479940176010132	0.7902976870536804	0.8581763505935669	0.5	6	0.5	5	0.0	0	-0.011562115512788296	-0.9699599742889404	-0.2429896742105484	0.9998806118965149	-0.013707260601222515	0.007139226421713829	-0.010255486704409122	-0.24287812411785126	0.9700026512145996
1.13425612449646	-2.598712682723999	-1.2754544019699097	0.5090637803077698	0.6385980844497681	0.5	2	0.5	0	0.0	0	-0.10280992090702057	-0.5412382483482361	-0.8345606327056885	0.9923564791679382	0.0017626825720071793	-0.1233920156955719	0.06825553625822067	-0.8408674597740173	0.5369200110435486
2.1766457557678223	-3.201883554458618	-1.0126919746398926	0.5873732566833496	0.6923577785491943	1.0	0	0.0	0	0.0	0	-0.10280992090702057	-0.5412382483482361	-0.8345606327056885	0.9923564195632935	0.0017626864137127995	-0.1233920156955719	0.06825554370880127	-0.8408675193786621	0.5369200706481934
1.3235595226287842	-3.2250564098358154	-0.8925715684890747	0.52227383852005	0.6942821741104126	1.0	0	0.0	0	0.0	0	-0.10280992090702057	-0.5412382483482361	-0.8345606327056885	0.9923564791679382	0.0017626825720071793	-0.1233920231461525	0.06825555115938187	-0.8408675193786621	0.5369200706481934
1.5820372104644775	-1.9193141460418701	-2.856322765350342	0.05507339537143707	0.2445884644985199	1.0	6	0.0	0	0.0	0	-0.9931010603904724	0.04496743902564049	-0.10829701274633408	-0.11515147984027863	-0.5484024882316589	0.828248143196106	-0.022146152332425117	0.8350046277046204	0.5497971773147583
1.6469595432281494	-1.5836366415023804	-3.3122899532318115	0.0120000671595335	0.24696575105190277	1.0	6	0.0	0	0.0	0	-0.9931010603904724	0.04496743902564049	-0.10829701274633408	-0.11515147238969803	-0.5484024882316589	0.8282480835914612	-0.022146156057715416	0.8350045680999756	0.5497971773147583
1.630566120147705	-1.874907374382019	-3.2829020023345947	0.026014328002929688	0.2278316766023636	1.0	6	0.0	0	0.0	0	-0.9931010603904724	0.04496743902564049	-0.10829701274633408	-0.11515147984027863	-0.5484024882316589	0.8282480835914612	-0.022146154195070267	0.8350045680999756	0.5497971773147583
2.380422830581665	-1.9872418642044067	-1.8648786544799805	0.8799728155136108	0.2763873040676117	1.0	5	0.0	0	0.0	0	0.9881808161735535	0.07760041952133179	-0.132200688123703	-0.15292170643806458	0.5590399503707886	-0.8149168491363525	0.01066757831722498	0.8255014419555664	0.5642992854118347
2.251314163208008	-1.4663918018341064	-2.5242135524749756	0.9432234168052673	0.28115901350975037	0.5	6	0.5	5	0.0	0	0.9881808161735535	0.07760041952133179	-0.132200688123703	-0.15292169153690338	0.5590398907661438	-0.8149167895317078	0.010667577385902405	0.8255013823509216	0.5642992258071899
2.3048150539398193	-1.102303147315979	-1.9105859994888306	0.9202095866203308	0.33581265807151794	1.0	5	0.0	0	0.0	0	0.9881808161735535	0.07760041952133179	-0.132200688123703	-0.15292169153690338	0.5590398907661438	-0.814916729927063	0.010667577385902405	0.8255014419555664	0.5642992854118347
2.3048150539398193	-1.102303147315979	-1.9105859994888306	0.1876690685749054	0.7065483927726746	1.0	5	0.0	0	0.0	0	-0.03357171267271042	0.858253538608551	-0.5121269226074219	0.99663907289505	0.06705944240093231	0.04704912006855011	0.0747230052947998	-0.5088261365890503	-0.8576202392578125
1.5463571548461914	-1.4787322282791138	-2.4917092323303223	0.12883365154266357	0.7481975555419922	0.5	6	0.5	5	0.0	0	-0.03357171267271042	0.858253538608551	-0.5121269226074219	0.99663907289505	0.06705944985151291	0.04704912751913071	0.074723020195961	-0.5088261365890503	-0.8576202392578125
1.4318878650665283	-1.1434848308563232	-1.922377347946167	0.12133045494556427	0.7043015956878662	1.0	5	0.0	0	0.0	0	-0.03357171267271042	0.858253538608551	-0.5121269226074219	0.9966390132904053	0.06705944240093231	0.04704912006855011	0.0747230127453804	-0.5088260769844055	-0.8576201796531677
1.3824853897094727	-2.0169944763183594	-1.8890571594238281	0.12094725668430328	0.2832276523113251	1.0	5	0.0	0	0.0	0	-0.977464497089386	0.07792463898658752	-0.19619105756282806	-0.20656909048557281	-0.5445905923843384	0.8128654956817627	-0.04350155591964722	0.8350741267204285	0.5484148263931274
1.5463571548461914	-1.4787322282791138	-2.4917092323303223	0.05998558551073074	0.2926739454269409	0.5	6	0.5	5	0.0	0	-0.977464497089386	0.07792463898658752	-0.19619105756282806	-0.20656909048557281	-0.5445905327796936	0.8128654956817627	-0.04350154474377632	0.835074245929718	0.5484148263931274
1.5111727714538574	-1.828919768333435	-2.455503463745117	0.07690879702568054	0.269784152507782	0.5	6	0.5	5	0.0	0	-0.977464497089386	0.07792463898658752	-0.19619105756282806	-0.20656907558441162	-0.5445905327796936	0.8128654360771179	-0.04350154846906662	0.8350741863250732	0.5484148263931274
1.3961052894592285	-1.813774585723877	3.04941463470459	0.790693998336792	0.6327428817749023	0.5	8	0.5	7	0.0	0	-0.030685661360621452	-0.9498183727264404	0.3112933337688446	-0.999121367931366	0.03804240748286247	0.017586879432201385	-0.028546685352921486	-0.31048011779785156	-0.9501510858535767
2.076005458831787	-1.700051188468933	3.463428497314453	0.7395962476730347	0.596888542175293	0.5	8	0.5	7	0.0	0	-0.030685661360621452	-0.9498183727264404	0.3112933337688446	-0.9991214275360107	0.03804241120815277	0.017586881294846535	-0.028546689078211784	-0.31048014760017395	-0.9501511454582214
1.4629526138305664	-1.6709140539169312	3.4919002056121826	0.7862720489501953	0.5954003930091858	0.5	8	0.5	7	0.0	0	-0.030685661360621452	-0.9498183727264404	0.3112933337688446	-0.9991214275360107	0.03804241120815277	0.017586881294846535	-0.028546689078211784	-0.31048014760017395	-0.9501511454582214
1.2740941047668457	-2.014143943786621	2.07637882232666	0.7985811233520508	0.7149181365966797	1.0	7	0.0	0	0.0	0	-0.0336003378033638	-0.8612595796585083	0.5070532560348511	-0.9986237287521362	0.049373529851436615	0.01768912747502327	-0.040269941091537476	-0.5057610273361206	-0.8617332577705383
2.248473882675171	-1.745458960533142	2.5973241329193115	0.725315511226654	0.6697347164154053	0.5	8	0.5	7	0.0	0	-0.0336003378033638	-0.8612595796585083	0.5070532560348511	-0.9986236691474915	0.04937352240085602	0.01768912561237812	-0.04026993736624718	-0.5057610273361206	-0.8617331385612488
1.3409569263458252	-1.7173237800598145	2.5849759578704834	0.7943307161331177	0.6721209287643433	0.5	8	0.5	7	0.0	0	-0.0336003378033638	-0.8612595796585083	0.5070532560348511	-0.9986237287521362	0.049373529851436615	0.01768912561237812	-0.04026993736624718	-0.5057610273361206	-0.8617332577705383
2.2831292152404785	-1.0472939014434814	1.9326220750808716	0.6894166469573975	0.17204734683036804	1.0	7	0.0	0	0.0	0	0.028777439147233963	0.9009721279144287	0.4329215884208679	0.009391460567712784	-0.4333255887031555	0.9011886119842529	0.999541699886322	-0.021868132054805756	-0.020931443199515343
1.3649611473083496	-1.3289026021957397	2.579723358154297	0.7954972982406616	0.008675516583025455	0.5	8	0.5	7	0.0	0	0.028777439147233963	0.9009721279144287	0.4329215884208679	0.009391461499035358	-0.4333255887031555	0.9011886119842529	0.999541699886322	-0.021868132054805756	-0.020931445062160492
2.263705253601074	-1.3560214042663574	2.5764195919036865	0.8084821105003357	0.1674313247203827	0.5	8	0.5	7	0.0	0	0.028777439147233963	0.9009721279144287	0.4329215884208679	0.009391462430357933	-0.43332555890083313	0.9011885523796082	0.9995417594909668	-0.021868132054805756	-0.020931445062160492
2.3197546005249023	-1.9984322786331177	1.9484714269638062	0.7542474269866943	0.3206770718097687	1.0	7	0.0	0	0.0	0	0.9920583367347717	-0.0322750024497509	0.12156741321086884	-0.12412164360284805	-0.407585471868515	0.9046921730041504	0.020350167527794838	-0.912596583366394	-0.40835458040237427
2.263705253601074	-1.3560214042663574	2.5764195919036865	0.8084821105003357	0.1674313247203827	0.5	8	0.5	7	0.0	0	0.9920583367347717	-0.0322750024497509	0.12156741321086884	-0.12412163615226746	-0.40758541226387024	0.9046921133995056	0.02035016380250454	-0.9125965237617493	-0.4083545207977295
2.248473882675171	-1.745458960533142	2.5973241329193115	0.8415049910545349	0.23036803305149078	0.5	8	0.5	7	0.0	0	0.9920583367347717	-0.0322750024497509	0.12156741321086884	-0.12412163615226746	-0.40758541226387024	0.9046921133995056	0.02035016380250454	-0.9125965237617493	-0.4083545207977295
2.4552001953125	-1.1841310262680054	1.430779218673706	0.6126452684402466	0.2224178910255432	0.3333333333333333	7	0.3333333333333333	2	0.3333333333333333	0	0.9700257182121277	-0.006921556778252125	0.242903932929039	-0.22740210592746735	-0.3782404065132141	0.8973419070243835	0.08566507697105408	-0.9256815910339355	-0.36847689747810364
2.3197546005249023	-1.9984322786331177	1.9484714269638062	0.7542474269866943	0.3206770718097687	1.0	7	0.0	0	0.0	0	0.9700257182121277	-0.006921556778252125	0.242903932929039	-0.22740212082862854	-0.3782404363155365	0.8973419666290283	0.08566506952047348	-0.9256815314292908	-0.36847686767578125
2.4522759914398193	-1.8676432371139526	1.4229801893234253	0.657363772392273	0.33563002943992615	0.3333333333333333	7	0.3333333333333333	2	0.3333333333333333	0	0.9700257182121277	-0.006921556778252125	0.242903932929039	-0.22740210592746735	-0.3782404065132141	0.8973419070243835	0.08566507697105408	-0.9256815910339355	-0.36847689747810364
1.139521837234497	-1.1747058629989624	1.4535372257232666	0.5702141523361206	9.951402898877859e-05	0.3333333333333333	7	0.3333333333333333	2	0.3333333333333333	0	0.002375607378780842	0.9649817943572998	-0.2623063325881958	0.23785129189491272	0.2542339861392975	0.9374390840530396	0.9712986946105957	-0.06461688131093979	-0.2289181798696518
