262	88	7
0.7227932810783386	6.159466743469238	0.7562341094017029	0.8363972306251526	0.5003587007522583	1.0	6	0.0	0	0.0	0	0.0	1.0	0.0	-0.00015172523853834718	0.0	-1.0	-1.0	0.0	0.00015172523853834718
-1.2772071361541748	6.159466743469238	-1.2437654733657837	0.9910081624984741	0.6494211554527283	1.0	6	0.0	0	0.0	0	0.0	1.0	0.0	-0.0001517252530902624	0.0	-1.0	-1.0	0.0	0.0001517252530902624
-1.2772067785263062	6.159466743469238	0.7562344670295715	0.8363972306251526	0.6494437456130981	1.0	6	0.0	0	0.0	0	0.0	1.0	0.0	-0.00015172523853834718	0.0	-1.0	-1.0	0.0	0.00015172523853834718
-1.2772067785263062	4.15946626663208	0.7562344670295715	0.8138282299041748	0.8222401738166809	0.5	6	0.5	4	0.0	0	-1.0	0.0	1.7881393432617188e-07	-1.7881383485018887e-07	0.0010133882751688361	-0.999999463558197	-1.8120793754405895e-10	-0.999999463558197	-0.0010133882751688361
-1.2772071361541748	6.159466743469238	-1.2437654733657837	0.9684929251670837	0.6756435632705688	1.0	6	0.0	0	0.0	0	-1.0	0.0	1.7881393432617188e-07	-1.7881383485018887e-07	0.0010133881587535143	-0.999999463558197	-1.8120792366627114e-10	-0.999999463558197	-0.0010133881587535143
-1.2772071361541748	4.096485137939453	-1.2437654733657837	0.9684929847717285	0.8270099759101868	0.5	6	0.5	4	0.0	0	-1.0	0.0	1.7881393432617188e-07	-1.7881383485018887e-07	0.0010133882751688361	-0.999999463558197	-1.8120793754405895e-10	-0.999999463558197	-0.0010133882751688361
-1.2772071361541748	6.159466743469238	-1.2437654733657837	0.48900705575942993	0.17064014077186584	1.0	6	0.0	0	0.0	0	-1.7881393432617188e-07	0.0	-1.0	-0.0003855358809232712	0.9999999403953552	6.893918769179663e-11	0.9999999403953552	0.0003855358809232712	-1.7881392011531716e-07
0.72279292345047	4.096485137939453	-1.2437658309936523	0.3295474946498871	0.31965702772140503	0.5	6	0.5	2	0.0	0	-1.7881393432617188e-07	0.0	-1.0	-0.00038553777267225087	0.9999999403953552	6.893952769759792e-11	0.9999999403953552	0.00038553777267225087	-1.7881392011531716e-07
-1.2772071361541748	4.096485137939453	-1.2437654733657837	0.3295477330684662	0.17058084905147552	0.5	6	0.5	4	0.0	0	-1.7881393432617188e-07	0.0	-1.0	-0.0003855852410197258	0.9999999403953552	6.89480139648424e-11	0.9999999403953552	0.0003855852410197258	-1.7881392011531716e-07
0.72279292345047	4.096485137939453	-1.2437658309936523	0.3295474946498871	0.31965702772140503	0.5	6	0.5	2	0.0	0	-1.1915023634401223e-07	-0.03147504851222038	-0.9995046257972717	-3.4533199740334843e-16	0.9995046257972717	-0.03147504851222038	1.0	-3.750258770196524e-09	-1.1909119734809792e-07
0.72279292345047	2.667309045791626	-1.1987601518630981	0.2189694195985794	0.31965702772140503	0.5	2	0.5	0	0.0	0	-1.1915023634401223e-07	-0.03147504851222038	-0.9995046257972717	-3.4533194446378923e-16	0.999504566192627	-0.031475044786930084	1.0	-3.750258326107314e-09	-1.1909119024267056e-07
-0.27720707654953003	2.667309045791626	-1.1987600326538086	0.21896955370903015	0.24511894583702087	1.0	0	0.0	0	0.0	0	-1.1915023634401223e-07	-0.03147504851222038	-0.9995046257972717	9.853618978704001e-17	0.999504566192627	-0.031475044786930084	1.0	-3.750258770196524e-09	-1.1909119024267056e-07
0.7227932810783386	6.159466743469238	0.7562341094017029	0.9731457829475403	0.16681693494319916	1.0	6	0.0	0	0.0	0	1.7881393432617188e-07	0.0	1.0	-0.00038533288170583546	0.9999999403953552	6.89028903377853e-11	-0.9999999403953552	-0.00038533288170583546	1.7881392011531716e-07
-1.2772067785263062	4.15946626663208	0.7562344670295715	0.8185548186302185	0.31595057249069214	0.5	6	0.5	4	0.0	0	1.7881393432617188e-07	0.0	1.0	-0.0003853329108096659	0.9999999403953552	6.89028972766792e-11	-0.9999999403953552	-0.0003853329108096659	1.7881392011531716e-07
0.7227932810783386	4.15946626663208	0.7562341094017029	0.8185546398162842	0.16687437891960144	0.5	6	0.5	2	0.0	0	1.7881393432617188e-07	0.0	1.0	-0.000385332852602005	0.9999999403953552	6.890288339889139e-11	-0.9999999403953552	-0.000385332852602005	1.7881392011531716e-07
0.72279292345047	6.159466743469238	-1.2437658309936523	0.15466700494289398	0.8678339719772339	1.0	6	0.0	0	0.0	0	1.0	0.0	-1.7881393432617188e-07	-1.7881393432617188e-07	6.41143778921105e-05	-1.0	1.1464544591444081e-11	1.0	6.41143778921105e-05
0.7227932810783386	4.15946626663208	0.7562341094017029	0.0	0.7189071178436279	0.5	6	0.5	2	0.0	0	1.0	0.0	-1.7881393432617188e-07	-1.7881393432617188e-07	6.41143778921105e-05	-1.0	1.1464544591444081e-11	1.0	6.41143778921105e-05
0.72279292345047	4.096485137939453	-1.2437658309936523	0.1546669900417328	0.7142074704170227	0.5	6	0.5	2	0.0	0	1.0	0.0	-1.7881393432617188e-07	-1.7881393432617188e-07	6.41143778921105e-05	-1.0	1.1464544591444081e-11	1.0	6.41143778921105e-05
-0.27720707654953003	2.667309045791626	-1.1987600326538086	0.6365459561347961	0.8829523324966431	1.0	0	0.0	0	0.0	0	0.9397597312927246	-0.341666579246521	0.010759185999631882	0.00689074769616127	-0.01253396924585104	-0.9998977184295654	0.34176647663116455	0.9397377371788025	-0.009424581192433834
-1.307155966758728	-0.10142642259597778	0.8385865092277527	0.481828898191452	0.6782937049865723	1.0	0	0.0	0	0.0	0	0.9397597312927246	-0.341666579246521	0.010759185999631882	0.006890748627483845	-0.012533970177173615	-0.9998977780342102	0.34176647663116455	0.9397376775741577	-0.00942458026111126
-1.3071563243865967	-0.16440802812576294	-1.161413550376892	0.6365458965301514	0.6755170226097107	1.0	0	0.0	0	0.0	0	0.9397597312927246	-0.341666579246521	0.010759185999631882	0.00689074769616127	-0.012533968314528465	-0.9998977184295654	0.34176647663116455	0.9397377371788025	-0.00942458026111126
-1.2772067785263062	4.15946626663208	0.7562344670295715	0.8185548186302185	0.31595057249069214	0.5	6	0.5	4	0.0	0	1.787253296470226e-07	0.03147509694099426	0.9995045065879822	2.796218154799135e-07	0.999504566192627	-0.03147509694099426	-1.0	2.851086549071624e-07	1.698356584256544e-07
-1.2772067785263062	2.730290651321411	0.8012402057647705	0.707976758480072	0.31595054268836975	0.5	4	0.5	0	0.0	0	1.787253296470226e-07	0.03147509694099426	0.9995045065879822	2.7962178705820406e-07	0.9995045065879822	-0.03147509694099426	-1.0	2.851086549071624e-07	1.698356584256544e-07
-0.277206689119339	2.730290651321411	0.8012400269508362	0.7079766988754272	0.2414124459028244	1.0	0	0.0	0	0.0	0	1.787253296470226e-07	0.03147509694099426	0.9995045065879822	2.796218154799135e-07	0.999504566192627	-0.03147509694099426	-1.0	2.851086549071624e-07	1.698356584256544e-07
0.72279292345047	4.096485137939453	-1.2437658309936523	0.3295474946498871	0.31965702772140503	0.5	6	0.5	2	0.0	0	0.42620590329170227	-0.028473148122429848	-0.9041779041290283	7.938705803844925e-10	0.999504566192627	-0.031475044786930084	0.904626190662384	0.013414849527180195	0.42599475383758545
1.8567274808883667	2.786252498626709	-0.6679985523223877	0.2268761694431305	0.40466609597206116	0.5	3	0.5	2	0.0	0	0.42620590329170227	-0.028473148122429848	-0.9041779041290283	1.587741160768985e-09	0.9995046257972717	-0.03147504851222038	0.9046261310577393	0.013414847664535046	0.42599472403526306
0.72279292345047	2.667309045791626	-1.1987601518630981	0.2189694195985794	0.31965702772140503	0.5	2	0.5	0	0.0	0	0.42620590329170227	-0.028473148122429848	-0.9041779041290283	2.381611352575419e-09	0.999504566192627	-0.031475044786930084	0.9046261310577393	0.013414847664535046	0.42599475383758545
-1.2772067785263062	4.15946626663208	0.7562344670295715	0.8185548186302185	0.31595057249069214	0.5	6	0.5	4	0.0	0	0.3054914176464081	0.029970429837703705	0.951723039150238	2.79419452908769e-07	0.9995045065879822	-0.031475190073251724	-0.95219486951828	0.009615668095648289	0.30534008145332336
-2.365183115005493	2.79616641998291	1.1483927965164185	0.7122270464897156	0.3967275321483612	0.5	5	0.5	4	0.0	0	0.3054914176464081	0.029970429837703705	0.951723039150238	2.7998848395327514e-07	0.999504566192627	-0.031475190073251724	-0.9521948099136353	0.009615667164325714	0.30534008145332336
-1.2772067785263062	2.730290651321411	0.8012402057647705	0.707976758480072	0.31595054268836975	0.5	4	0.5	0	0.0	0	0.3054914176464081	0.029970429837703705	0.951723039150238	2.8055751499778125e-07	0.9995045065879822	-0.031475190073251724	-0.95219486951828	0.009615669026970863	0.30534008145332336
1.8567278385162354	2.849234104156494	1.3320015668869019	0.7158833742141724	0.08186525106430054	0.5	3	0.5	2	0.0	0	2.4990313818307186e-07	0.03147505223751068	0.9995046257972717	2.7962175863649463e-07	0.999504566192627	-0.03147504851222038	-1.0	2.873489108878857e-07	2.4097820983115525e-07
2.8102991580963135	4.278409957885742	1.2869956493377686	0.8264613747596741	0.010787896811962128	1.0	3	0.0	0	0.0	0	2.4990313818307186e-07	0.03147505223751068	0.9995046257972717	2.7962178705820406e-07	0.999504566192627	-0.03147504851222038	-1.0	2.8734893930959515e-07	2.409781814094458e-07
1.8567278385162354	4.278409957885742	1.2869958877563477	0.8264613747596741	0.08186528086662292	0.5	3	0.5	2	0.0	0	2.4990313818307186e-07	0.03147505223751068	0.9995046257972717	2.7962175863649463e-07	0.999504566192627	-0.03147504851222038	-1.0	2.873489108878857e-07	2.4097820983115525e-07
0.7227932810783386	4.15946626663208	0.7562341094017029	0.30916041135787964	0.7153109908103943	0.5	6	0.5	2	0.0	0	-0.08974616229534149	0.9954712390899658	-0.03134794533252716	0.9959646463394165	0.08971361070871353	-0.002446429803967476	0.0003769867471419275	-0.03144099935889244	-0.9995055198669434
1.8567274808883667	4.215428352355957	-0.7130042314529419	0.3968946635723114	0.824678897857666	0.5	3	0.5	2	0.0	0	-0.08974616229534149	0.9954712390899658	-0.03134794533252716	0.9959646463394165	0.08971361070871353	-0.002446429803967476	0.0003769867471419275	-0.03144099935889244	-0.9995055198669434
0.72279292345047	4.096485137939453	-1.2437658309936523	0.30916035175323486	0.8644707798957825	0.5	6	0.5	2	0.0	0	-0.08974616229534149	0.9954712390899658	-0.03134794533252716	0.9959645867347717	0.08971360325813293	-0.0024464295711368322	0.0003769868053495884	-0.03144100308418274	-0.9995055794715881
0.7227932810783386	4.15946626663208	0.7562341094017029	0.8185546398162842	0.16687437891960144	0.5	6	0.5	2	0.0	0	-0.4262060821056366	0.028473153710365295	0.9041779041290283	3.026824515472981e-07	0.9995046257972717	-0.03147491440176964	-0.9046261310577393	-0.013414524495601654	-0.4259949028491974
1.8567278385162354	2.849234104156494	1.3320015668869019	0.7158833742141724	0.08186525106430054	0.5	3	0.5	2	0.0	0	-0.4262060821056366	0.028473153710365295	0.9041779041290283	2.995070076394768e-07	0.9995046257972717	-0.03147491440176964	-0.9046261310577393	-0.013414527289569378	-0.4259949028491974
1.8567278385162354	4.278409957885742	1.2869958877563477	0.8264613747596741	0.08186528086662292	0.5	3	0.5	2	0.0	0	-0.4262060821056366	0.028473153710365295	0.9041779041290283	3.0188857635948807e-07	0.999504566192627	-0.03147491067647934	-0.9046261310577393	-0.013414525426924229	-0.4259949326515198
0.7227933406829834	2.730290651321411	0.8012398481369019	0.4818238615989685	0.5263558030128479	0.5	2	0.5	0	0.0	0	0.08974625915288925	-0.9954712390899658	0.03134817257523537	-0.9959647059440613	-0.08970177918672562	0.0028252212796360254	-4.3958425521850586e-07	-0.03147522360086441	-0.9995045065879822
1.8567274808883667	2.786252498626709	-0.6679985523223877	0.3940948247909546	0.6356925964355469	0.5	3	0.5	2	0.0	0	0.08974625915288925	-0.9954712390899658	0.03134817257523537	-0.9959647059440613	-0.08970177918672562	0.002825221512466669	-4.3981708586215973e-07	-0.03147522360086441	-0.9995045065879822
1.8567278385162354	2.849234104156494	1.3320015668869019	0.3940948247909546	0.4865313768386841	0.5	3	0.5	2	0.0	0	0.08974625915288925	-0.9954712390899658	0.03134817257523537	-0.9959646463394165	-0.08970177918672562	0.002825221512466669	-4.3981708586215973e-07	-0.03147522360086441	-0.999504566192627
-2.3651835918426514	2.733184814453125	-0.8516073822975159	0.22321996092796326	0.08980388194322586	0.5	5	0.5	4	0.0	0	-2.0050754301337292e-07	-0.03147504851222038	-0.9995045065879822	-1.3981085089653789e-07	0.9995046257972717	-0.03147505223751068	1.0	1.3343058924419893e-07	-2.0480877083173255e-07
-3.2565481662750244	4.162360668182373	-0.8966128826141357	0.3337981402873993	0.023363273590803146	1.0	5	0.0	0	0.0	0	-2.0050754301337292e-07	-0.03147504851222038	-0.9995045065879822	-1.3981085089653789e-07	0.9995046257972717	-0.03147505223751068	1.0	1.3343058924419893e-07	-2.0480877083173255e-07
-2.3651835918426514	4.162360668182373	-0.8966130614280701	0.33379805088043213	0.08980389684438705	0.5	5	0.5	4	0.0	0	-2.0050754301337292e-07	-0.03147504851222038	-0.9995045065879822	-1.3981083668568317e-07	0.999504566192627	-0.03147504851222038	1.0	1.334305750333442e-07	-2.0480875662087783e-07
-1.2772067785263062	2.730290651321411	0.8012402057647705	0.4818289577960968	0.5263558030128479	0.5	4	0.5	0	0.0	0	-0.05041157826781273	-0.9982336759567261	0.03143519163131714	-0.9987285137176514	0.05038662254810333	-0.0015859429258853197	-7.71484337747097e-07	-0.03147517144680023	-0.9995045065879822
-2.3651835918426514	2.733184814453125	-0.8516073822975159	0.5659440755844116	0.6494973301887512	0.5	5	0.5	4	0.0	0	-0.05041157826781273	-0.9982336759567261	0.03143519163131714	-0.9987285733222961	0.05038662627339363	-0.0015859430423006415	-7.71484337747097e-07	-0.03147517144680023	-0.999504566192627
-1.2772071361541748	2.667309045791626	-1.1987597942352295	0.481828898191452	0.6755170226097107	0.5	4	0.5	0	0.0	0	-0.05041157826781273	-0.9982336759567261	0.03143519163131714	-0.9987285137176514	0.05038662254810333	-0.0015859429258853197	-7.71484337747097e-07	-0.03147517144680023	-0.9995045065879822
-1.2772067785263062	4.15946626663208	0.7562344670295715	0.6591148972511292	0.6494958996772766	0.5	6	0.5	4	0.0	0	0.05041179433465004	0.9982336759567261	-0.03143519163131714	-0.9987285137176514	0.05039474740624428	-0.0013349822256714106	0.0002515442902222276	0.031462520360946655	0.9995049238204956
-2.3651835918426514	4.162360668182373	-0.8966130614280701	0.7432268261909485	0.5263351202011108	0.5	5	0.5	4	0.0	0	0.05041179433465004	0.9982336759567261	-0.03143519163131714	-0.9987285137176514	0.05039474740624428	-0.0013349823420867324	0.00025154417380690575	0.031462520360946655	0.9995049238204956
-2.365183115005493	4.225342273712158	1.1033869981765747	0.7432268261909485	0.6754949688911438	0.5	5	0.5	4	0.0	0	0.05041179433465004	0.9982336759567261	-0.03143519163131714	-0.9987285733222961	0.050394751131534576	-0.0013349822256714106	0.00025154431932605803	0.031462520360946655	0.9995049834251404
-1.2772071361541748	4.096485137939453	-1.2437654733657837	0.3295477330684662	0.17058084905147552	0.5	6	0.5	4	0.0	0	-0.30549123883247375	-0.029970379546284676	-0.9517230987548828	-1.3172126500649028e-07	0.9995046257972717	-0.0314750075340271	0.9521949291229248	-0.009615212678909302	-0.30533990263938904
-2.3651835918426514	2.733184814453125	-0.8516073822975159	0.22321996092796326	0.08980388194322586	0.5	5	0.5	4	0.0	0	-0.30549123883247375	-0.029970379546284676	-0.9517230987548828	-1.3115224817283888e-07	0.999504566192627	-0.0314750075340271	0.95219486951828	-0.009615213610231876	-0.30533987283706665
-2.3651835918426514	4.162360668182373	-0.8966130614280701	0.33379805088043213	0.08980389684438705	0.5	5	0.5	4	0.0	0	-0.30549123883247375	-0.029970379546284676	-0.9517230987548828	-1.3115223396198417e-07	0.999504566192627	-0.0314750075340271	0.95219486951828	-0.009615214541554451	-0.30533990263938904
0.72279292345047	2.667309045791626	-1.1987601518630981	0.2189694195985794	0.31965702772140503	0.5	2	0.5	0	0.0	0	-1.3142543764388392e-07	-0.07998509705066681	-0.9967960715293884	0.000594822340644896	0.9967958331108093	-0.07998507469892502	0.9999998807907104	-0.0005929271574132144	4.744592297356576e-05
1.3470935821533203	-0.045118749141693115	-0.981109082698822	0.008783034048974514	0.36631184816360474	1.0	0	0.0	0	0.0	0	-1.3142543764388392e-07	-0.07998509705066681	-0.9967960715293884	0.0005948222824372351	0.9967958331108093	-0.07998507469892502	0.9999998807907104	-0.0005929270992055535	4.744591933558695e-05
-0.27720707654953003	2.667309045791626	-1.1987600326538086	0.21896955370903015	0.24511894583702087	1.0	0	0.0	0	0.0	0	-1.3142543764388392e-07	-0.07998509705066681	-0.9967960715293884	0.0005948222824372351	0.9967958927154541	-0.07998508214950562	0.9999998211860657	-0.0005929270409978926	4.744591569760814e-05
-1.307155966758728	-0.10142642259597778	0.8385865092277527	1.0	0.9761711955070496	1.0	0	0.0	0	0.0	0	7.50427275875154e-09	-0.999504566192627	0.03147520124912262	1.0	1.2149445893783195e-09	-1.998376433220983e-07	1.9970039488725888e-07	0.03147520124912262	0.999504566192627
-2.3071563243865967	-0.16440802812576294	-1.161413311958313	0.9226674437522888	0.8270099759101868	1.0	0	0.0	0	0.0	0	7.50427275875154e-09	-0.999504566192627	0.03147520124912262	1.0	1.2149441452891097e-09	-1.9983765753295302e-07	1.997004090981136e-07	0.03147520124912262	0.999504566192627
-1.3071563243865967	-0.16440802812576294	-1.161413550376892	1.0	0.8270099759101868	1.0	0	0.0	0	0.0	0	7.50427275875154e-09	-0.999504566192627	0.03147520124912262	1.0	1.2149441452891097e-09	-1.9983765753295302e-07	1.997004090981136e-07	0.03147520124912262	0.999504566192627
-1.2772071361541748	2.667309045791626	-1.1987597942352295	0.2189696878194809	0.17058084905147552	0.5	4	0.5	0	0.0	0	-2.3839784546453302e-07	-0.013187400996685028	-0.9999130368232727	-0.00022407273354474455	0.9999129772186279	-0.013187399134039879	1.0	0.0002240501344203949	-3.1933145692164544e-06
-1.3071563243865967	-0.16440802812576294	-1.161413550376892	0.0	0.16830119490623474	1.0	0	0.0	0	0.0	0	-2.3839784546453302e-07	-0.013187400996685028	-0.9999130368232727	-0.00022407277720049024	0.9999130964279175	-0.013187401928007603	1.0	0.00022405014897231013	-3.19331479659013e-06
-2.3071563243865967	-0.16440802812576294	-1.161413311958313	1.2215018330152816e-07	0.09376312047243118	1.0	0	0.0	0	0.0	0	-2.3839784546453302e-07	-0.013187400996685028	-0.9999130368232727	-0.00022407274809665978	0.9999130368232727	-0.013187400996685028	1.0	0.00022405011986847967	-3.193314341842779e-06
-1.2772071361541748	2.667309045791626	-1.1987597942352295	0.6591149568557739	0.8697214722633362	0.5	4	0.5	0	0.0	0	-0.9397597312927246	0.34166648983955383	-0.010759175755083561	-0.007859733887016773	0.009869445115327835	0.9999204874038696	0.3417454659938812	0.939769446849823	-0.006589499302208424
-2.3071558475494385	-0.10142642259597778	0.8385867476463318	0.81382817029953	0.678460419178009	1.0	0	0.0	0	0.0	0	-0.9397597312927246	0.34166648983955383	-0.010759175755083561	-0.007859733887016773	0.009869445115327835	0.9999204874038696	0.3417454659938812	0.939769446849823	-0.006589499302208424
-1.2772067785263062	2.730290651321411	0.8012402057647705	0.8138282299041748	0.8726869821548462	0.5	4	0.5	0	0.0	0	-0.9397597312927246	0.34166648983955383	-0.010759175755083561	-0.007859733887016773	0.009869445115327835	0.9999204277992249	0.3417454659938812	0.9397693872451782	-0.006589498836547136
-1.2772067785263062	2.730290651321411	0.8012402057647705	0.707976758480072	0.31595054268836975	0.5	4	0.5	0	0.0	0	1.789004357988233e-07	0.013187425211071968	0.9999130964279175	-0.00022371753584593534	0.9999130964279175	-0.013187426142394543	-1.0	-0.0002236957079730928	3.1291426694224356e-06
-1.307155966758728	-0.10142642259597778	0.8385865092277527	0.4890070855617523	0.31823012232780457	1.0	0	0.0	0	0.0	0	1.789004357988233e-07	0.013187425211071968	0.9999130964279175	-0.00022371753584593534	0.9999130964279175	-0.013187426142394543	-1.0	-0.0002236957079730928	3.1291426694224356e-06
-0.277206689119339	2.730290651321411	0.8012400269508362	0.7079766988754272	0.2414124459028244	1.0	0	0.0	0	0.0	0	1.789004357988233e-07	0.013187425211071968	0.9999130964279175	-0.00022371753584593534	0.9999130964279175	-0.013187426142394543	-1.0	-0.0002236957079730928	3.1291426694224356e-06
2.3470940589904785	0.017862854525446892	1.0188907384872437	0.1986943781375885	0.8508387804031372	1.0	0	0.0	0	0.0	0	7.50427275875154e-09	-0.999504566192627	0.03147520124912262	-1.0	-1.2149441452891097e-09	1.9983765753295302e-07	-1.997004090981136e-07	-0.03147520124912262	-0.999504566192627
1.3470935821533203	-0.045118749141693115	-0.981109082698822	0.27602702379226685	1.0	1.0	0	0.0	0	0.0	0	7.50427275875154e-09	-0.999504566192627	0.03147520124912262	-1.0	-1.2149441452891097e-09	1.9983765753295302e-07	-1.997004090981136e-07	-0.03147520124912262	-0.999504566192627
2.3470935821533203	-0.045118749141693115	-0.9811093211174011	0.1986943930387497	1.0	1.0	0	0.0	0	0.0	0	7.50427275875154e-09	-0.999504566192627	0.03147520124912262	-1.0	-1.2149441452891097e-09	1.9983765753295302e-07	-1.997004090981136e-07	-0.03147520124912262	-0.999504566192627
-0.277206689119339	2.730290651321411	0.8012400269508362	0.0	0.4931803047657013	1.0	0	0.0	0	0.0	0	-0.8583917021751404	-0.5127406120300293	0.016146818175911903	0.024439450353384018	-0.07231400907039642	-0.997082531452179	0.5124123692512512	-0.8554927706718445	0.07460483908653259
1.3470935821533203	-0.045118749141693115	-0.981109082698822	0.15459007024765015	0.7075585722923279	1.0	0	0.0	0	0.0	0	-0.8583917021751404	-0.5127406120300293	0.016146818175911903	0.02443944849073887	-0.07231400907039642	-0.9970824718475342	0.5124123692512512	-0.8554927706718445	0.07460484653711319
1.3470940589904785	0.017862854525446892	1.0188909769058228	1.8437763316114797e-08	0.7142074704170227	1.0	0	0.0	0	0.0	0	-0.8583917021751404	-0.5127406120300293	0.016146818175911903	0.02443944849073887	-0.07231400907039642	-0.9970824718475342	0.5124123692512512	-0.8554927706718445	0.07460484653711319
0.7227933406829834	2.730290651321411	0.8012398481369019	0.7079765796661377	0.16687434911727905	0.5	2	0.5	0	0.0	0	2.3765471723891096e-07	0.07998514920473099	0.9967961311340332	0.00059518963098526	0.9967959523200989	-0.0799851343035698	-0.9999998211860657	0.0005933016655035317	-4.7369434469146654e-05
1.3470940589904785	0.017862854525446892	1.0188909769058228	0.4977901577949524	0.12021943926811218	1.0	0	0.0	0	0.0	0	2.3765471723891096e-07	0.07998514920473099	0.9967961311340332	0.0005951895727775991	0.9967958331108093	-0.0799851268529892	-0.9999998211860657	0.0005933016655035317	-4.7369434469146654e-05
2.3470940589904785	0.017862854525446892	1.0188907384872437	0.49779006838798523	0.045681338757276535	1.0	0	0.0	0	0.0	0	2.3765471723891096e-07	0.07998514920473099	0.9967961311340332	0.00059518963098526	0.9967959523200989	-0.0799851343035698	-0.9999998211860657	0.0005933016655035317	-4.7369434469146654e-05
0.7227933406829834	2.730290651321411	0.8012398481369019	0.15459007024765015	0.6946150064468384	0.5	2	0.5	0	0.0	0	0.8583917021751404	0.5127406716346741	-0.01614684984087944	0.027573220431804657	-0.07754542678594589	-0.9966075420379639	-0.5122533440589905	0.8550344109535217	-0.08070226013660431
2.3470935821533203	-0.045118749141693115	-0.9811093211174011	0.30916035175323486	0.49359387159347534	1.0	0	0.0	0	0.0	0	0.8583917021751404	0.5127406716346741	-0.01614684984087944	0.027573220431804657	-0.07754542678594589	-0.9966075420379639	-0.5122533440589905	0.8550344109535217	-0.08070226013660431
0.72279292345047	2.667309045791626	-1.1987601518630981	0.3091603219509125	0.7016775608062744	0.5	2	0.5	0	0.0	0	0.8583917021751404	0.5127406716346741	-0.01614684984087944	0.02757321484386921	-0.0775454193353653	-0.9966074228286743	-0.5122532844543457	0.8550342917442322	-0.08070225268602371
2.8102986812591553	2.786252498626709	-0.667998731136322	0.3203526735305786	0.6356925964355469	1.0	3	0.0	0	0.0	0	0.0	-0.9995045065879822	0.03147520124912262	-1.0	-8.694551212329316e-08	-2.7609810331341578e-06	2.7623495952866506e-06	-0.03147520124912262	-0.9995045065879822
2.955028772354126	2.849234104156494	1.3320013284683228	0.30916035175323486	0.4865313768386841	1.0	3	0.0	0	0.0	0	0.0	-0.9995045065879822	0.03147520124912262	-1.0	-8.694551212329316e-08	-2.7609810331341578e-06	2.7623495952866506e-06	-0.03147520124912262	-0.9995045065879822
2.8102991580963135	2.849234104156494	1.3320013284683228	0.3203526735305786	0.4865313470363617	1.0	3	0.0	0	0.0	0	0.0	-0.9995045065879822	0.03147520124912262	-1.0	-8.694551212329316e-08	-2.7609810331341578e-06	2.7623495952866506e-06	-0.03147520124912262	-0.9995045065879822
1.8567278385162354	2.849234104156494	1.3320015668869019	0.3940948247909546	0.4865313768386841	0.5	3	0.5	2	0.0	0	7.809473068220996e-09	-0.999504566192627	0.03147520124912262	-1.0	1.3256520325910515e-08	6.690799523312307e-07	-6.691656722068728e-07	-0.03147520124912262	-0.999504566192627
2.8102986812591553	2.786252498626709	-0.667998731136322	0.3203526735305786	0.6356925964355469	1.0	3	0.0	0	0.0	0	7.809473068220996e-09	-0.999504566192627	0.03147520124912262	-1.0	1.3256520325910515e-08	6.690799523312307e-07	-6.691656722068728e-07	-0.03147520124912262	-0.999504566192627
2.8102991580963135	2.849234104156494	1.3320013284683228	0.3203526735305786	0.4865313470363617	1.0	3	0.0	0	0.0	0	7.809473068220996e-09	-0.999504566192627	0.03147520124912262	-1.0	1.3256518549553675e-08	6.690798954878119e-07	-6.69165615363454e-07	-0.03147520124912262	-0.999504566192627
1.8567274808883667	4.215428352355957	-0.7130042314529419	0.3374541997909546	0.40466609597206116	0.5	3	0.5	2	0.0	0	-1.8742738916444068e-07	-0.03147505223751068	-0.9995046257972717	-1.0674310855659918e-17	0.9995046257972717	-0.03147505223751068	1.0	-5.89928594862954e-09	-1.8733452122887684e-07
2.8102986812591553	2.786252498626709	-0.667998731136322	0.22687605023384094	0.47574347257614136	1.0	3	0.0	0	0.0	0	-1.8742738916444068e-07	-0.03147505223751068	-0.9995046257972717	-1.0674310855659918e-17	0.9995046257972717	-0.03147505223751068	1.0	-5.89928594862954e-09	-1.8733452122887684e-07
1.8567274808883667	2.786252498626709	-0.6679985523223877	0.2268761694431305	0.40466609597206116	0.5	3	0.5	2	0.0	0	-1.8742738916444068e-07	-0.03147505223751068	-0.9995046257972717	-7.088972260292929e-16	0.9995046257972717	-0.03147505223751068	1.0	-5.8992850604511204e-09	-1.8733452122887684e-07
1.8567278385162354	4.278409957885742	1.2869958877563477	0.3968947231769562	0.6755191087722778	0.5	3	0.5	2	0.0	0	-5.9022378096074135e-09	0.9995045065879822	-0.03147519752383232	1.0	-7.924831493255624e-07	-2.535306521167513e-05	-2.5365447072545066e-05	-0.03147519752383232	-0.9995045065879822
2.8102986812591553	4.215428352355957	-0.7130044102668762	0.47063660621643066	0.8246771097183228	1.0	3	0.0	0	0.0	0	-5.9022378096074135e-09	0.9995045065879822	-0.03147519752383232	1.0	-7.924831493255624e-07	-2.535306521167513e-05	-2.5365447072545066e-05	-0.03147519752383232	-0.9995045065879822
1.8567274808883667	4.215428352355957	-0.7130042314529419	0.3968946635723114	0.824678897857666	0.5	3	0.5	2	0.0	0	-5.9022378096074135e-09	0.9995045065879822	-0.03147519752383232	1.0	-7.924831493255624e-07	-2.535306521167513e-05	-2.5365447072545066e-05	-0.03147519752383232	-0.9995045065879822
-3.2565481662750244	2.733184814453125	-0.8516072034835815	0.2232200801372528	0.023363273590803146	1.0	5	0.0	0	0.0	0	-1.9006844809155155e-07	-0.03147505223751068	-0.999504566192627	9.4792304160176e-16	0.999504566192627	-0.03147505223751068	1.0	-5.982415007821373e-09	-1.8997428696820862e-07
-3.569988489151001	4.162360668182373	-0.896612823009491	0.3337981402873993	1.7772599392174016e-08	1.0	5	0.0	0	0.0	0	-1.9006844809155155e-07	-0.03147505223751068	-0.999504566192627	9.479231474808785e-16	0.9995046257972717	-0.03147505596280098	1.0	-5.982415007821373e-09	-1.899742727573539e-07
-3.2565481662750244	4.162360668182373	-0.8966128826141357	0.3337981402873993	0.023363273590803146	1.0	5	0.0	0	0.0	0	-1.9006844809155155e-07	-0.03147505223751068	-0.999504566192627	9.479247356676546e-16	0.999504566192627	-0.03147505223751068	1.0	-5.982415007821373e-09	-1.8997428696820862e-07
-2.3651835918426514	4.162360668182373	-0.8966130614280701	0.7432268261909485	0.5263351202011108	0.5	5	0.5	4	0.0	0	-4.209429249613095e-09	0.999504566192627	-0.03147520124912262	-1.0	8.216578066821967e-07	2.622573265398387e-05	2.6238602004013956e-05	0.03147520124912262	0.999504566192627
-3.256547689437866	4.225342273712158	1.1033871173858643	0.8121581673622131	0.6754932403564453	1.0	5	0.0	0	0.0	0	-4.209429249613095e-09	0.999504566192627	-0.03147520124912262	-1.0	8.21657692995359e-07	2.622572901600506e-05	2.623859836603515e-05	0.03147520124912262	0.999504566192627
-2.365183115005493	4.225342273712158	1.1033869981765747	0.7432268261909485	0.6754949688911438	0.5	5	0.5	4	0.0	0	-4.209429249613095e-09	0.999504566192627	-0.03147520124912262	-1.0	8.216578066821967e-07	2.622573265398387e-05	2.6238602004013956e-05	0.03147520124912262	0.999504566192627
-2.365183115005493	4.225342273712158	1.1033869981765747	0.8228051066398621	0.3967275619506836	0.5	5	0.5	4	0.0	0	1.3367170481615176e-07	0.03147512674331665	0.9995045065879822	2.796217302147852e-07	0.9995045065879822	-0.03147512674331665	-1.0	2.83690525293423e-07	1.2480435884754115e-07
-3.256547689437866	2.79616641998291	1.148392915725708	0.7122271060943604	0.4631681442260742	1.0	5	0.0	0	0.0	0	1.3367170481615176e-07	0.03147512674331665	0.9995045065879822	2.7962175863649463e-07	0.9995045065879822	-0.03147512674331665	-1.0	2.836905537151324e-07	1.2480434463668644e-07
-2.365183115005493	2.79616641998291	1.1483927965164185	0.7122270464897156	0.3967275321483612	0.5	5	0.5	4	0.0	0	1.3367170481615176e-07	0.03147512674331665	0.9995045065879822	2.796217302147852e-07	0.9995045065879822	-0.03147512674331665	-1.0	2.83690525293423e-07	1.2480435884754115e-07
-2.3651835918426514	2.733184814453125	-0.8516073822975159	0.5659440755844116	0.6494973301887512	0.5	5	0.5	4	0.0	0	8.354481551009485e-09	-0.9995045065879822	0.03147520124912262	-1.0	2.619532679659642e-08	1.097271024264046e-06	-1.0975518307532184e-06	-0.03147520124912262	-0.9995045065879822
-3.256547689437866	2.79616641998291	1.148392915725708	0.6348757147789001	0.5003361105918884	1.0	5	0.0	0	0.0	0	8.354481551009485e-09	-0.9995045065879822	0.03147520124912262	-1.0	2.6195330349310098e-08	1.0972711379508837e-06	-1.097551944440056e-06	-0.03147520124912262	-0.9995045065879822
-3.2565481662750244	2.733184814453125	-0.8516072034835815	0.6348756551742554	0.649497389793396	1.0	5	0.0	0	0.0	0	8.354481551009485e-09	-0.9995045065879822	0.03147520124912262	-1.0	2.619532679659642e-08	1.097271024264046e-06	-1.0975518307532184e-06	-0.03147520124912262	-0.9995045065879822
-3.569988489151001	4.162360668182373	-0.896612823009491	0.8138282895088196	0.8270100355148315	1.0	5	0.0	0	0.0	0	-1.0	7.50053885667512e-09	2.3818239469619584e-07	-8.881783138210068e-16	-0.9995045065879822	0.03147513046860695	2.3830045847716974e-07	0.03147513046860695	0.9995045065879822
-3.5699880123138428	2.79616641998291	1.1483930349349976	0.922667384147644	0.9761713147163391	1.0	5	0.0	0	0.0	0	-1.0	7.50053885667512e-09	2.3818239469619584e-07	-8.881783138210068e-16	-0.9995045065879822	0.03147513046860695	2.3830045847716974e-07	0.03147513046860695	0.9995045065879822
-3.5699880123138428	4.225342273712158	1.1033872365951538	0.8138282299041748	0.9761713147163391	1.0	5	0.0	0	0.0	0	-1.0	7.50053885667512e-09	2.3818239469619584e-07	-8.881784197001252e-16	-0.9995045065879822	0.03147513046860695	2.3830045847716974e-07	0.03147513046860695	0.9995045065879822
-3.2565481662750244	4.162360668182373	-0.8966128826141357	0.8121582269668579	0.5263334512710571	1.0	5	0.0	0	0.0	0	-1.1970817226369945e-08	0.999504566192627	-0.03147520497441292	-1.0	7.107025226105179e-07	2.294889054610394e-05	2.295988997502718e-05	0.03147520497441292	0.999504566192627
-3.5699880123138428	4.225342273712158	1.1033872365951538	0.8363972306251526	0.6754927039146423	1.0	5	0.0	0	0.0	0	-1.1970817226369945e-08	0.999504566192627	-0.03147520497441292	-1.0	7.107025226105179e-07	2.2948892365093343e-05	2.2959891794016585e-05	0.03147520497441292	0.999504566192627
-3.256547689437866	4.225342273712158	1.1033871173858643	0.8121581673622131	0.6754932403564453	1.0	5	0.0	0	0.0	0	-1.1970817226369945e-08	0.999504566192627	-0.03147520497441292	-1.0	7.107025794539368e-07	2.2948894184082747e-05	2.295988997502718e-05	0.03147520124912262	0.9995045065879822
-3.256547689437866	4.225342273712158	1.1033871173858643	0.8228052258491516	0.4631681740283966	1.0	5	0.0	0	0.0	0	3.801368961831031e-07	0.03147513419389725	0.999504566192627	2.7962150284110976e-07	0.9995045065879822	-0.03147513419389725	-1.0	2.9144783297851973e-07	3.7114742212907004e-07
-3.5699880123138428	2.79616641998291	1.1483930349349976	0.7122271656990051	0.48653140664100647	1.0	5	0.0	0	0.0	0	3.801368961831031e-07	0.03147513419389725	0.999504566192627	2.796215312628192e-07	0.9995045065879822	-0.03147513419389725	-1.0	2.9144786140022916e-07	3.7114742212907004e-07
-3.256547689437866	2.79616641998291	1.148392915725708	0.7122271060943604	0.4631681442260742	1.0	5	0.0	0	0.0	0	3.801368961831031e-07	0.03147513419389725	0.999504566192627	2.7962150284110976e-07	0.9995045065879822	-0.03147513419389725	-1.0	2.9144783297851973e-07	3.7114742212907004e-07
-3.2565481662750244	2.733184814453125	-0.8516072034835815	0.6348756551742554	0.649497389793396	1.0	5	0.0	0	0.0	0	0.0	-0.9995045065879822	0.03147519379854202	-1.0	5.982441653173964e-09	1.8997428696820862e-07	-1.9006844809155155e-07	-0.03147519379854202	-0.9995045065879822
-3.5699880123138428	2.79616641998291	1.1483930349349976	0.6591148376464844	0.5003361105918884	1.0	5	0.0	0	0.0	0	0.0	-0.9995045065879822	0.03147519379854202	-1.0	5.982441653173964e-09	1.8997428696820862e-07	-1.9006844809155155e-07	-0.03147519379854202	-0.9995045065879822
-3.569988489151001	2.733184814453125	-0.8516071438789368	0.6591147780418396	0.649497389793396	1.0	5	0.0	0	0.0	0	0.0	-0.9995045065879822	0.03147519379854202	-1.0	5.982441653173964e-09	1.8997428696820862e-07	-1.9006844809155155e-07	-0.03147519379854202	-0.9995045065879822
2.955028772354126	4.278409957885742	1.2869956493377686	0.1986943781375885	0.7016775012016296	1.0	3	0.0	0	0.0	0	1.0	-7.500518428571468e-09	-2.381823662744864e-07	-1.5099031440836234e-14	-0.9995045065879822	0.03147498890757561	-2.383004300554603e-07	-0.03147498890757561	-0.9995045065879822
2.9550282955169678	2.786252498626709	-0.6679987907409668	0.30916035175323486	0.8508387804031372	1.0	3	0.0	0	0.0	0	1.0	-7.500518428571468e-09	-2.381823662744864e-07	-1.5099031440836234e-14	-0.9995045065879822	0.03147498890757561	-2.383004300554603e-07	-0.03147498890757561	-0.9995045065879822
2.9550282955169678	4.215428352355957	-0.713004469871521	0.19869442284107208	0.8508387804031372	1.0	3	0.0	0	0.0	0	1.0	-7.500518428571468e-09	-2.381823662744864e-07	-1.4210854715202004e-14	-0.999504566192627	0.031474992632865906	-2.3830044426631503e-07	-0.031474992632865906	-0.999504566192627
2.8102986812591553	4.215428352355957	-0.7130044102668762	0.33745408058166504	0.47574347257614136	1.0	3	0.0	0	0.0	0	-4.1163042396874516e-07	-0.03147504851222038	-0.999504566192627	-8.847089727481716e-17	0.999504566192627	-0.03147504851222038	1.0	-1.295608775819801e-08	-4.11426498203582e-07
2.9550282955169678	2.786252498626709	-0.6679987907409668	0.22687602043151855	0.4865313470363617	1.0	3	0.0	0	0.0	0	-4.1163042396874516e-07	-0.03147504851222038	-0.999504566192627	-8.8477686773285e-17	0.9995046257972717	-0.03147505223751068	1.0	-1.295608775819801e-08	-4.114264697818726e-07
2.8102986812591553	2.786252498626709	-0.667998731136322	0.22687605023384094	0.47574347257614136	1.0	3	0.0	0	0.0	0	-4.1163042396874516e-07	-0.03147504851222038	-0.999504566192627	-8.847089727481716e-17	0.999504566192627	-0.03147504851222038	1.0	-1.295608775819801e-08	-4.11426498203582e-07
2.8102991580963135	4.278409957885742	1.2869956493377686	0.47063660621643066	0.6755173206329346	1.0	3	0.0	0	0.0	0	-1.296257234884024e-08	0.9995045065879822	-0.03147520124912262	1.0	-8.565504003854585e-07	-2.7611849873210303e-05	-2.7625128495856188e-05	-0.03147520124912262	-0.9995045065879822
2.9550282955169678	4.215428352355957	-0.713004469871521	0.481828898191452	0.8246768116950989	1.0	3	0.0	0	0.0	0	-1.296257234884024e-08	0.9995045065879822	-0.03147520124912262	1.0	-8.565502866986208e-07	-2.76118480542209e-05	-2.7625126676866785e-05	-0.03147520124912262	-0.9995045065879822
2.8102986812591553	4.215428352355957	-0.7130044102668762	0.47063660621643066	0.8246771097183228	1.0	3	0.0	0	0.0	0	-1.296257234884024e-08	0.9995045065879822	-0.03147520124912262	1.0	-8.565504003854585e-07	-2.7611851692199707e-05	-2.7625130314845592e-05	-0.03147520124912262	-0.999504566192627
2.8102991580963135	2.849234104156494	1.3320013284683228	0.7158832550048828	0.01078787911683321	1.0	3	0.0	0	0.0	0	0.0	0.03147504851222038	0.999504566192627	1.6602554353539745e-07	0.999504566192627	-0.03147504851222038	-1.0	1.6594329110830586e-07	-5.225662125241115e-09
2.955028772354126	4.278409957885742	1.2869956493377686	0.8264613151550293	3.554519878434803e-08	1.0	3	0.0	0	0.0	0	0.0	0.03147504851222038	0.999504566192627	1.6602551511368802e-07	0.999504566192627	-0.03147504851222038	-1.0	1.6594326268659643e-07	-5.225661237062695e-09
2.8102991580963135	4.278409957885742	1.2869956493377686	0.8264613747596741	0.010787896811962128	1.0	3	0.0	0	0.0	0	0.0	0.03147504851222038	0.999504566192627	1.6602551511368802e-07	0.9995046257972717	-0.03147505223751068	-1.0	1.659432484757417e-07	-5.2256607929734855e-09
0.7227932810783386	6.159466743469238	0.7562341094017029	0.8363972306251526	0.5003587007522583	1.0	6	0.0	0	0.0	0	0.0	1.0	0.0	-0.00015210389392450452	0.0	-1.0	-1.0	0.0	0.00015210389392450452
0.72279292345047	6.159466743469238	-1.2437658309936523	0.9910081624984741	0.5003360509872437	1.0	6	0.0	0	0.0	0	0.0	1.0	0.0	-0.00015210389392450452	0.0	-1.0	-1.0	0.0	0.00015210389392450452
-1.2772071361541748	6.159466743469238	-1.2437654733657837	0.9910081624984741	0.6494211554527283	1.0	6	0.0	0	0.0	0	0.0	1.0	0.0	-0.00015210389392450452	0.0	-1.0	-1.0	0.0	0.00015210389392450452
-1.2772067785263062	4.15946626663208	0.7562344670295715	0.8138282299041748	0.8222401738166809	0.5	6	0.5	4	0.0	0	-1.0	0.0	1.7881393432617188e-07	-1.7881383485018887e-07	0.0010130064329132438	-0.999999463558197	-1.811396588280445e-10	-0.999999463558197	-0.0010130064329132438
-1.2772067785263062	6.159466743469238	0.7562344670295715	0.8138282299041748	0.675494909286499	1.0	6	0.0	0	0.0	0	-1.0	0.0	1.7881393432617188e-07	-1.7881383485018887e-07	0.0010130064329132438	-0.999999463558197	-1.811396588280445e-10	-0.999999463558197	-0.0010130064329132438
-1.2772071361541748	6.159466743469238	-1.2437654733657837	0.9684929251670837	0.6756435632705688	1.0	6	0.0	0	0.0	0	-1.0	0.0	1.7881393432617188e-07	-1.7881383485018887e-07	0.0010130064329132438	-0.999999463558197	-1.811396588280445e-10	-0.999999463558197	-0.0010130064329132438
0.72279292345047	6.159466743469238	-1.2437658309936523	0.48900681734085083	0.31971630454063416	1.0	6	0.0	0	0.0	0	-1.7881393432617188e-07	0.0	-1.0	-0.0003854883834719658	0.9999999403953552	6.893069448565825e-11	0.9999999403953552	0.0003854883834719658	-1.7881392011531716e-07
-1.2772071361541748	2.667309045791626	-1.1987597942352295	0.2189696878194809	0.17058084905147552	0.5	4	0.5	0	0.0	0	-2.396884042354941e-07	-0.03147504851222038	-0.9995046257972717	-8.929116398093823e-16	0.999504566192627	-0.031475044786930084	1.0	-7.544201707787579e-09	-2.3956962991178443e-07
-1.2772071361541748	4.096485137939453	-1.2437654733657837	0.3295477330684662	0.17058084905147552	0.5	6	0.5	4	0.0	0	-2.396884042354941e-07	-0.03147504851222038	-0.9995046257972717	-8.929099457434878e-16	0.999504566192627	-0.031475044786930084	1.0	-7.544201707787579e-09	-2.3956962991178443e-07
-0.27720707654953003	2.667309045791626	-1.1987600326538086	0.21896955370903015	0.24511894583702087	1.0	0	0.0	0	0.0	0	-2.396884042354941e-07	-0.03147504851222038	-0.9995046257972717	-1.6940658945086007e-21	0.999504566192627	-0.031475044786930084	1.0	-7.544202595965999e-09	-2.3956962991178443e-07
-1.2772071361541748	4.096485137939453	-1.2437654733657837	0.3295477330684662	0.17058084905147552	0.5	6	0.5	4	0.0	0	-1.787253438578773e-07	-0.0314750038087368	-0.9995046257972717	6.990542544826894e-08	0.9995046257972717	-0.0314750038087368	1.0	-7.549616753976807e-08	-1.7643651517573744e-07
0.72279292345047	4.096485137939453	-1.2437658309936523	0.3295474946498871	0.31965702772140503	0.5	6	0.5	2	0.0	0	-1.787253438578773e-07	-0.0314750038087368	-0.9995046257972717	6.990542544826894e-08	0.9995046257972717	-0.0314750038087368	1.0	-7.549616753976807e-08	-1.7643651517573744e-07
