2669	5156	59
0.6943504214286804	10.225202560424805	-0.06387804448604584	0.41511768102645874	0.8427636027336121	0.7596225349416885	3	0.1883977893353154	4	0.05197967572299604	2	0.7800960540771484	-0.5882231593132019	0.2131752073764801	0.3627243936061859	0.7028153538703918	0.6119489669799805	-0.5097854137420654	-0.4000551998615265	0.7616264820098877
0.6167271733283997	10.060368537902832	-0.21537557244300842	0.4000355303287506	0.8426812887191772	0.8055152683485873	3	0.10242017446511083	2	0.09206455718630183	4	0.802079439163208	-0.4962753653526306	0.3322337865829468	0.20601393282413483	0.7520644068717957	0.6260649561882019	-0.5605619549751282	-0.433709055185318	0.7054551243782043
0.7662899494171143	10.257987976074219	-0.29645997285842896	0.40988588333129883	0.8281630873680115	0.7891162050641058	3	0.17244189151251466	4	0.03844190342337956	2	0.8362219929695129	-0.5282847285270691	0.14713233709335327	0.3748244345188141	0.7464448809623718	0.5498424172401428	-0.400299608707428	-0.4046415686607361	0.8222077488899231
0.8299920558929443	10.389524459838867	-0.15101058781147003	0.42252013087272644	0.8312943577766418	0.6814685223888659	3	0.31165459161944487	4	0.006876885991689211	2	0.8333916068077087	-0.5303040742874146	0.1556791514158249	0.39951348304748535	0.772672176361084	0.4933221638202667	-0.3818996846675873	-0.3489346206188202	0.8558021187782288
0.7589921951293945	10.346529006958008	0.0246090330183506	0.42445361614227295	0.8422430157661438	0.6971381059390195	3	0.28682303596325415	4	0.016038858097726427	2	0.808242917060852	-0.5437930226325989	0.2259039431810379	0.35350948572158813	0.7549045085906982	0.5524040460586548	-0.470929354429245	-0.36661747097969055	0.8023821711540222
0.6329751014709473	10.218347549438477	0.1266213059425354	0.4205665588378906	0.8526274561882019	0.6990347338057085	3	0.24937124223826548	4	0.05159402395602601	2	0.7434700131416321	-0.6271016001701355	0.23237061500549316	0.3431605100631714	0.6559526324272156	0.6722849607467651	-0.5740149617195129	-0.42008328437805176	0.7028775215148926
0.5435512065887451	10.092571258544922	0.043880436569452286	0.411213219165802	0.8556066155433655	0.7392082837877078	3	0.17440412692271323	4	0.08638758928957906	2	0.6813526749610901	-0.6804065704345703	0.2698248028755188	0.3044813871383667	0.5986980199813843	0.7408453226089478	-0.6656195521354675	-0.42262035608291626	0.6150956153869629
0.25751879811286926	10.971288681030273	0.9559558629989624	0.4626352787017822	0.8774814605712891	0.7020119669901351	4	0.2979880330098649	3	0.0	0	0.4388944208621979	0.18326687812805176	0.8796504735946655	-0.08448476344347	0.9830588698387146	-0.16265790164470673	-0.8945580720901489	-0.002927422057837248	0.4469423294067383
0.21555805206298828	10.993288040161133	0.9618880748748779	0.4630051851272583	0.8781928420066833	0.7034718075362844	4	0.29652819246371565	3	0.0	0	0.0	0.3651943802833557	0.9309313297271729	1.0376897080277558e-05	0.930931568145752	-0.3651938736438751	-1.0	9.66017887549242e-06	-3.7895845252933213e-06
0.21555805206298828	10.965085983276367	0.9709640741348267	0.46252602338790894	0.8781928420066833	0.7009182201173475	4	0.29908177988265244	3	0.0	0	0.0	0.1962393969297409	0.980556070804596	1.1361421456967946e-06	0.980556070804596	-0.1962391585111618	-1.0	1.1140510878249188e-06	-2.229558475619342e-07
0.26260319352149963	10.944777488708496	0.954637348651886	0.4621919095516205	0.8774126768112183	0.7002917409364984	4	0.29970825906350157	3	0.0	0	0.5272815823554993	-0.15873076021671295	0.834732711315155	0.02523200958967209	0.9848878979682922	0.17134569585323334	-0.8493159413337708	-0.06928544491529465	0.523318350315094
0.30072832107543945	10.956849098205566	0.9262563586235046	0.46233779191970825	0.8765647411346436	0.7028311492740991	4	0.29716885072590093	3	0.0	0	0.6604385375976562	-0.06641008704900742	0.7479375600814819	-0.018817054107785225	0.9943046569824219	0.1049010157585144	-0.7506442666053772	-0.083354651927948	0.6554274559020996
0.29790976643562317	10.983293533325195	0.9223170280456543	0.4628486931324005	0.8765300512313843	0.7061807282904017	4	0.2938192717095983	3	0.0	0	0.6163110136985779	0.2788873016834259	0.7364662885665894	-0.20563988387584686	0.9597388505935669	-0.19134719669818878	-0.7601795196533203	-0.03351745381951332	0.6488479375839233
0.25680792331695557	10.999185562133789	0.945785403251648	0.46315422654151917	0.8774222135543823	0.705454220204703	4	0.29454577979529695	3	0.0	0	0.42992767691612244	0.3648601770401001	0.8258566856384277	-0.12800030410289764	0.9301008582115173	-0.3442796468734741	-0.8937439322471619	0.04230545461177826	0.4465782940387726
1.1644785404205322	11.75209903717041	-0.8982872366905212	0.8090272545814514	0.5569040179252625	0.9259347193805056	4	0.07406528061949431	3	0.0	0	0.9997485876083374	0.013611571863293648	0.017823223024606705	0.011810892261564732	0.35593172907829285	-0.9344373345375061	-0.019063008949160576	0.9344128370285034	0.355681449174881
1.163431167602539	11.654844284057617	-1.045567274093628	0.8200450539588928	0.5448472499847412	0.9106196520330966	4	0.08938034796690345	3	0.0	0	0.9806872606277466	0.031678393483161926	-0.19300013780593872	-0.19556324183940887	0.14490912854671478	-0.9699259400367737	-0.0027582128532230854	0.9889377355575562	0.14830566942691803
1.1592941284179688	11.838981628417969	-0.9702615737915039	0.8183223605155945	0.5616599917411804	0.935091803203411	4	0.06490819679658896	3	0.0	0	0.9766530990600586	0.1492706537246704	-0.15448947250843048	-0.20253512263298035	0.40008264780044556	-0.8938196301460266	-0.07161248475313187	0.9042412042617798	0.420974463224411
1.1101714372634888	11.734125137329102	-1.1793445348739624	0.8320541977882385	0.5491096377372742	0.919574041077014	4	0.08042595892298596	3	0.0	0	0.8756844997406006	0.12814968824386597	-0.465568870306015	-0.48195457458496094	0.17215625941753387	-0.8591169118881226	-0.029944973066449165	0.9766983985900879	0.2125168889760971
1.0994105339050293	11.960237503051758	-1.0770553350448608	0.830767035484314	0.566658079624176	0.9442977096459922	4	0.055702290354007755	3	0.0	0	0.8841485381126404	0.2921627163887024	-0.36458536982536316	-0.45775002241134644	0.38549497723579407	-0.8011608123779297	-0.09352348744869232	0.875234067440033	0.4745722711086273
1.1490412950515747	11.958114624023438	-0.8511799573898315	0.8150392770767212	0.5755318999290466	0.9488304252138268	4	0.051169574786173275	3	0.0	0	0.9788632392883301	0.1845783144235611	-0.08807755261659622	-0.18358995020389557	0.603272020816803	-0.7761170268058777	-0.09011964499950409	0.7758825421333313	0.6244075298309326
1.160248041152954	11.832144737243652	-0.8058149218559265	0.8044863939285278	0.5686550140380859	0.9377130123858138	4	0.06228698761418612	3	0.0	0	0.9989368319511414	0.0407729335129261	0.021515656262636185	-0.005964555311948061	0.5770739912986755	-0.8166700601577759	-0.045714158564805984	0.8156734704971313	0.5767036080360413
0.30351918935775757	10.539247512817383	0.7352914214134216	0.444388210773468	0.875352680683136	0.5133408465631047	4	0.4866591534368953	3	0.0	0	0.30043134093284607	-0.33275121450424194	0.8938778638839722	0.0349532775580883	0.9403834342956543	0.3383154273033142	-0.9531627893447876	-0.07039659470319748	0.2941513955593109
0.21555805206298828	10.511317253112793	0.7387763261795044	0.44355976581573486	0.8781928420066833	0.5039828780968991	4	0.4960171219031009	3	0.0	0	0.0	-0.5554817318916321	0.8315288424491882	-5.667476671078475e-06	0.8315288424491882	0.5554816126823425	-1.0	-4.712670033768518e-06	-3.14817953039892e-06
0.3073437511920929	10.518699645996094	0.7214933633804321	0.4435930550098419	0.8751466274261475	0.5050465398111725	4	0.4949534601888274	3	0.0	0	0.30626118183135986	-0.5292351841926575	0.791273832321167	0.09069130569696426	0.8436562418937683	0.5291685461997986	-0.9476177096366882	-0.09030212461948395	0.3063761591911316
0.3840862214565277	10.550732612609863	0.6999253630638123	0.44451767206192017	0.8723764419555664	0.5171089718633096	4	0.48289102813669044	3	0.0	0	0.48714929819107056	-0.3239319920539856	0.8110201954841614	0.062211837619543076	0.9391772150993347	0.33775126934051514	-0.8711000680923462	-0.11408022791147232	0.47767186164855957
0.3781154453754425	10.567000389099121	0.7070461511611938	0.4451245665550232	0.8726087808609009	0.5232521588583549	4	0.4767478411416452	3	0.0	0	0.45052245259284973	0.14817005395889282	0.8803834915161133	-0.1596609205007553	0.9836054444313049	-0.08383843302726746	-0.878372311592102	-0.10279174149036407	0.4667932689189911
0.3007027506828308	10.556997299194336	0.739193320274353	0.4449845850467682	0.8754428625106812	0.5194189603189627	4	0.48058103968103727	3	0.0	0	0.2520606517791748	0.15378783643245697	0.9554133415222168	-0.0857238844037056	0.9869588017463684	-0.13624946773052216	-0.9639071226119995	-0.04755861312150955	0.2619567811489105
0.21555805206298828	10.532405853271484	0.7508856654167175	0.4443448483943939	0.8781928420066833	0.512208339576308	4	0.48779166042369204	3	0.0	0	0.0	-0.31922927498817444	0.9476775527000427	5.7802960640174206e-08	0.9476775527000427	0.31922927498817444	-1.0	5.477856390712077e-08	1.8452395167400937e-08
0.5261915922164917	12.629074096679688	0.021381251513957977	0.8559163212776184	0.6633475422859192	1.0	4	0.0	0	0.0	0	0.4590986371040344	0.7498844861984253	0.47634193301200867	-0.8448292016983032	0.5343561172485352	-0.02696697972714901	-0.27475836873054504	-0.3900470733642578	0.8788464665412903
0.6959465742111206	12.479247093200684	0.038108356297016144	0.8385952115058899	0.6645678877830505	1.0	4	0.0	0	0.0	0	0.6217676401138306	0.6349519491195679	0.45852047204971313	-0.7063197493553162	0.707550585269928	-0.02201405167579651	-0.3384042978286743	-0.31017446517944336	0.8884111642837524
0.6844528913497925	12.584748268127441	-0.10932876914739609	0.8454976081848145	0.6524797677993774	1.0	4	0.0	0	0.0	0	0.6100541949272156	0.6952951550483704	0.37999823689460754	-0.7242348194122314	0.6838434934616089	-0.0885552316904068	-0.32143133878707886	-0.22118446230888367	0.9207385182380676
0.8469310998916626	12.422343254089355	-0.1223408579826355	0.8282574415206909	0.6493140459060669	1.0	4	0.0	0	0.0	0	0.7391713857650757	0.560146689414978	0.37398046255111694	-0.5577311515808105	0.8203470706939697	-0.126359224319458	-0.3775734603404999	-0.11517942696809769	0.9187883734703064
0.8255048990249634	12.526144027709961	-0.26280489563941956	0.8372399210929871	0.6393947601318359	1.0	4	0.0	0	0.0	0	0.6974310874938965	0.661173939704895	0.2764759361743927	-0.6303060054779053	0.7495015859603882	-0.20239026844501495	-0.34103432297706604	-0.03311117738485336	0.9394676089286804
0.6559644937515259	12.677502632141113	-0.2694675922393799	0.85240638256073	0.6418304443359375	1.0	4	0.0	0	0.0	0	0.6095992922782898	0.754537045955658	0.24302791059017181	-0.7458335161209106	0.6497943997383118	-0.14662738144397736	-0.2685539722442627	-0.09187439829111099	0.9588732719421387
0.5244458913803101	12.715516090393066	-0.12711749970912933	0.859613835811615	0.6522107124328613	1.0	4	0.0	0	0.0	0	0.46298134326934814	0.7876481413841248	0.40652021765708923	-0.8436189293861389	0.5322884917259216	-0.07054128497838974	-0.2719477415084839	-0.31028884649276733	0.9109145402908325
0.37028589844703674	12.650733947753906	0.0990862250328064	0.8665719032287598	0.6701099872589111	1.0	4	0.0	0	0.0	0	0.23777472972869873	0.8133659362792969	0.5309417247772217	-0.9510282278060913	0.30609652400016785	-0.04301425814628601	-0.19750574231147766	-0.49471282958984375	0.8463160395622253
0.5283353328704834	12.523717880249023	0.16875891387462616	0.8515298366546631	0.6764606833457947	1.0	4	0.0	0	0.0	0	0.4666939973831177	0.6906717419624329	0.5524213910102844	-0.8393737077713013	0.5426921844482422	0.03060794807970524	-0.27865472435951233	-0.4779725670814514	0.8330029249191284
0.3745870590209961	12.732795715332031	-0.04350624606013298	0.8685486912727356	0.6589827537536621	1.0	4	0.0	0	0.0	0	0.22065335512161255	0.8554818630218506	0.46846872568130493	-0.9543716311454773	0.28845858573913574	-0.07724283635616302	-0.20121367275714874	-0.4300493896007538	0.8800970315933228
0.21555805206298828	12.736251831054688	-0.016385335475206375	0.8786622881889343	0.6620733141899109	1.0	4	0.0	0	0.0	0	0.0	0.8830742239952087	0.46923330426216125	-0.9937147498130798	0.0525270439684391	-0.09885339438915253	-0.11194232106208801	-0.4662840664386749	0.8775238990783691
0.2155580371618271	12.655896186828613	0.12468745559453964	0.8774304389953613	0.6731894016265869	1.0	4	0.0	0	0.0	0	0.0	0.8369427919387817	0.5472905039787292	-0.9936834573745728	0.06141648814082146	-0.09392102807760239	-0.1122191995382309	-0.5438335537910461	0.8316562175750732
0.36970216035842896	12.545654296875	0.24358375370502472	0.8639063239097595	0.6834014058113098	1.0	4	0.0	0	0.0	0	0.24787388741970062	0.7351373434066772	0.630976676940918	-0.9469897150993347	0.3212558925151825	-0.0022714314982295036	-0.2043747901916504	-0.5969653725624084	0.7757984399795532
0.3819153904914856	12.794466018676758	-0.16549986600875854	0.8699019551277161	0.650490939617157	1.0	4	0.0	0	0.0	0	0.1843954175710678	0.92499840259552	0.3322291076183319	-0.965337336063385	0.23397883772850037	-0.11566203087568283	-0.18472178280353546	-0.2993856370449066	0.9360801577568054
0.21555805206298828	12.82912826538086	-0.31604447960853577	0.8807810544967651	0.6429767608642578	1.0	4	0.0	0	0.0	0	0.0	0.9962527751922607	0.08649002015590668	-0.9937984347343445	0.009617351926863194	-0.11077943444252014	-0.1111961230635643	-0.08595364540815353	0.9900744557380676
0.21555805206298828	12.797170639038086	-0.14281591773033142	0.8796390891075134	0.6532649993896484	1.0	4	0.0	0	0.0	0	0.0	0.9455243945121765	0.32555142045021057	-0.9938738942146301	0.03598015010356903	-0.10450002551078796	-0.11052070558071136	-0.323557049036026	0.9397319555282593
0.5221167802810669	12.779772758483887	-0.25876384973526	0.8625819683074951	0.643663227558136	1.0	4	0.0	0	0.0	0	0.43660569190979004	0.8697016835212708	0.23020528256893158	-0.8725013136863708	0.471721887588501	-0.12735748291015625	-0.21935589611530304	-0.1452494114637375	0.9647722840309143
0.3872164487838745	12.82565689086914	-0.33249711990356445	0.8712857365608215	0.6407241225242615	1.0	4	0.0	0	0.0	0	0.13144510984420776	0.9882035851478577	0.07858629524707794	-0.9782565832138062	0.14213316142559052	-0.1510375738143921	-0.16042560338974	-0.05702441558241844	0.9853993058204651
1.1585696935653687	11.620641708374023	-0.752967357635498	0.4814511835575104	0.7796909213066101	0.9088345850471777	4	0.09116541495282232	3	0.0	0	0.9487411379814148	0.2066740095615387	-0.2391156107187271	-0.17912328243255615	0.9749372005462646	0.1319558322429657	0.26039448380470276	-0.08236075192689896	0.9619830846786499
1.1509941816329956	11.685606956481934	-0.7426801919937134	0.4856908917427063	0.7797319293022156	0.9193566584739196	4	0.08064334152608042	3	0.0	0	0.999430775642395	0.00824008509516716	0.032716188579797745	-0.014010257087647915	0.9835157990455627	0.18027840554714203	-0.03069137968122959	-0.18063414096832275	0.9830713868141174
1.153753399848938	11.655868530273438	-0.7087391018867493	0.4842345416545868	0.7822550535202026	0.9144848005631657	4	0.08551519943683424	3	0.0	0	0.9244582056999207	0.35414522886276245	-0.14127354323863983	-0.3231457769870758	0.9243896007537842	0.20268380641937256	0.20237129926681519	-0.1417207568883896	0.9690001010894775
1.1800286769866943	11.601184844970703	-0.7317477464675903	0.48014551401138306	0.7814090251922607	0.9048379553540417	4	0.09516204464595833	3	0.0	0	0.3400443494319916	0.46383005380630493	-0.8180658221244812	-0.41589149832725525	0.8543837666511536	0.3115490674972534	0.8434478640556335	0.2342860847711563	0.48343127965927124
1.1633334159851074	11.54074478149414	-0.7695426940917969	0.47639161348342896	0.7790751457214355	0.8955560544103955	4	0.10444394558960447	3	0.0	0	0.823983907699585	0.13046894967556	-0.5513876676559448	-0.06587639451026917	0.9885883927345276	0.1354743391275406	0.562770664691925	-0.07530524581670761	0.8231757283210754
1.154458999633789	11.56059741973877	-0.8040226101875305	0.4773702323436737	0.7769200205802917	0.899089291608588	4	0.10091070839141206	3	0.0	0	0.9981163144111633	0.022126106545329094	-0.05722269043326378	-0.015362793579697609	0.9931255578994751	0.11604127287864685	0.059396855533123016	-0.11494358628988266	0.9915947318077087
1.1531862020492554	11.652467727661133	-0.7927817106246948	0.4830958843231201	0.7769491076469421	0.9136915638666769	4	0.0863084361333231	3	0.0	0	0.9995625019073486	0.007324590813368559	0.0286574624478817	-0.01150257047265768	0.9888510704040527	0.14846259355545044	-0.027250533923506737	-0.14872726798057556	0.9885026812553406
1.159528136253357	11.592241287231445	-0.4877184331417084	0.4838368594646454	0.7959843277931213	0.9181266394497732	4	0.0818733605502268	3	0.0	0	0.5484657883644104	0.6207054257392883	0.5602768659591675	-0.7476771473884583	0.6640518307685852	-0.003757457947358489	-0.37438511848449707	-0.41684532165527344	0.8282968997955322
1.1812348365783691	11.617719650268555	-0.5392369627952576	0.48361238837242126	0.7926238775253296	0.9147890202595372	4	0.0852109797404628	3	0.0	0	0.2778785526752472	0.8037877678871155	0.5260312557220459	-0.9310635328292847	0.3601422607898712	-0.058466725051403046	-0.23644088208675385	-0.47352179884910583	0.848453164100647
1.1657906770706177	11.624249458312988	-0.5429452657699585	0.4845365583896637	0.7924668192863464	0.9172413238756246	4	0.08275867612437535	3	0.0	0	0.3155721426010132	0.8322070837020874	0.45590105652809143	-0.9309073686599731	0.3646370470523834	-0.021243590861558914	-0.18391749262809753	-0.4176977574825287	0.8897770047187805
1.149778127670288	11.603057861328125	-0.48799604177474976	0.48465147614479065	0.7959239482879639	0.9203222292868258	4	0.07967777071317417	3	0.0	0	0.8285254836082458	0.4281182885169983	0.36091580986976624	-0.5033350586891174	0.851835310459137	0.14501899480819702	-0.24535556137561798	-0.3018135130405426	0.9212542176246643
1.1455212831497192	11.549811363220215	-0.4325841963291168	0.4826160669326782	0.7996848225593567	0.9168292711296672	4	0.08317072887033279	3	0.0	0	0.8928343057632446	0.2186383605003357	0.39375656843185425	-0.30251961946487427	0.9388108253479004	0.16466976702213287	-0.3336597979068756	-0.2661418914794922	0.9043448567390442
1.1534134149551392	11.544602394104004	-0.4396589994430542	0.4821338653564453	0.7992777824401855	0.9152226613320429	4	0.08477733866795709	3	0.0	0	0.6397222280502319	0.42193403840065	0.6424384713172913	-0.5552806258201599	0.8316357731819153	0.0067403181456029415	-0.5314308404922485	-0.3610455393791199	0.7663077116012573
1.1634286642074585	11.543628692626953	-0.4463775157928467	0.4817681312561035	0.7987462878227234	0.9139621079428011	4	0.08603789205719896	3	0.0	0	0.5219504833221436	0.5039438009262085	0.6881921291351318	-0.6478736400604248	0.7590177059173584	-0.06443552672863007	-0.5548218488693237	-0.41222935914993286	0.722661554813385
1.1713436841964722	11.584338188171387	-0.48831644654273987	0.48305636644363403	0.7958917021751404	0.9159865771161273	4	0.08401342288387274	3	0.0	0	0.47775018215179443	0.6340703964233398	0.6080373525619507	-0.7774527668952942	0.627439558506012	-0.04343917965888977	-0.40905019640922546	-0.4519672095775604	0.7927191257476807
1.172965407371521	11.649945259094238	-0.6053600311279297	0.4844796657562256	0.7887237071990967	0.9148616024414562	4	0.08513839755854385	3	0.0	0	-0.0775187760591507	0.9451796412467957	0.31721657514572144	-0.9935293793678284	-0.09972567111253738	0.05435267463326454	0.08300767838954926	-0.3109506368637085	0.9467943906784058
1.2019528150558472	11.667643547058105	-0.6422147154808044	0.4826925992965698	0.7870088815689087	0.9091721937641594	4	0.09082780623584061	3	0.0	0	-0.1693795919418335	0.9318318367004395	0.3209361732006073	-0.9453707933425903	-0.24565215408802032	0.2143104374408722	0.2785399556159973	-0.2671038806438446	0.9225351214408875
1.1893131732940674	11.668892860412598	-0.6590205430984497	0.48308008909225464	0.7860464453697205	0.9098746778203644	4	0.0901253221796356	3	0.0	0	-0.3861905038356781	0.9211013317108154	-0.04928858205676079	-0.864745557308197	-0.3429267704486847	0.3669012486934662	0.32105082273483276	0.18431584537029266	0.928953230381012
1.1578118801116943	11.652668952941895	-0.6177107095718384	0.48528167605400085	0.787945568561554	0.9171085976581549	4	0.0828914023418451	3	0.0	0	0.30247804522514343	0.9297133088111877	0.21009573340415955	-0.9451430439949036	0.26403796672821045	0.19232411682605743	0.12333302944898605	-0.2567443251609802	0.9585777521133423
1.1529762744903564	11.634122848510742	-0.5499727725982666	0.4854256808757782	0.7920134663581848	0.9196919381016175	4	0.08030806189838244	3	0.0	0	0.6810306906700134	0.6619868278503418	0.31300246715545654	-0.72069251537323	0.6816174983978271	0.1264907717704773	-0.1296127438545227	-0.31172263622283936	0.9412913918495178
1.1922132968902588	11.650798797607422	-0.6007124185562134	0.4834684431552887	0.7889882922172546	0.9120212797934064	4	0.08797872020659356	3	0.0	0	-0.02066141925752163	0.9080343246459961	0.4183861017227173	-0.9992474317550659	-0.032496169209480286	0.021181093528866768	0.032829105854034424	-0.41763362288475037	0.9080223441123962
1.1985512971878052	11.073223114013672	-0.5096920132637024	0.4590417146682739	0.7988725304603577	0.7994481635261019	4	0.20055183647389813	3	0.0	0	0.9194381833076477	0.3497447967529297	0.17975538969039917	-0.3301981985569	0.9349061846733093	-0.13007524609565735	-0.21354757249355316	0.06024123355746269	0.9750735759735107
1.2122340202331543	11.0661039352417	-0.5574771165847778	0.4588455557823181	0.7968500852584839	0.8006389190455496	4	0.19936108095445043	3	0.0	0	0.9297624826431274	0.2691168785095215	0.25123271346092224	-0.2525990605354309	0.9627503156661987	-0.09646522998809814	-0.26783478260040283	0.02622859738767147	0.9631077647209167
1.2042863368988037	11.080405235290527	-0.5445619225502014	0.459422767162323	0.7974538803100586	0.8014886331236797	4	0.19851136687632026	3	0.0	0	0.8968368172645569	0.37822425365448	0.2294127196073532	-0.35851582884788513	0.9252634048461914	-0.123911552131176	-0.25913357734680176	0.028880350291728973	0.9654096364974976
1.2021591663360596	11.099878311157227	-0.5688503384590149	0.46030688285827637	0.7965421676635742	0.8063240051776888	4	0.19367599482231126	3	0.0	0	0.8204157948493958	0.4781435430049896	0.31352323293685913	-0.4525061845779419	0.8781607151031494	-0.15515153110027313	-0.3495084345340729	-0.014582431875169277	0.9368197321891785
1.187267541885376	11.100685119628906	-0.5235766172409058	0.46032771468162537	0.7984915375709534	0.8037803667822665	4	0.19621963321773347	3	0.0	0	0.674633264541626	0.6927008628845215	0.2550208270549774	-0.6519484519958496	0.7211779952049255	-0.2342337816953659	-0.3461693525314331	-0.008238550275564194	0.9381359219551086
1.1583789587020874	11.488567352294922	-0.41184690594673157	0.4795016944408417	0.8011174201965332	0.9076918364533397	4	0.09230816354666031	3	0.0	0	0.4835811257362366	0.3395597040653229	0.8067518472671509	-0.514345109462738	0.8560063242912292	-0.05198366940021515	-0.7082362771034241	-0.38981056213378906	0.5885993838310242
1.1644177436828613	11.449108123779297	-0.4066680669784546	0.4776344299316406	0.801675021648407	0.9012997285999554	4	0.09870027140004453	3	0.0	0	0.8554919958114624	-0.014588318765163422	0.5176106691360474	-0.11282142251729965	0.9703371524810791	0.2138156294822693	-0.5053760409355164	-0.24131512641906738	0.8284698128700256
1.1677358150482178	11.494187355041504	-0.42098817229270935	0.47951966524124146	0.8004285097122192	0.9076294552607428	4	0.09237054473925717	3	0.0	0	0.681046187877655	0.2729678452014923	0.6794591546058655	-0.4283120632171631	0.9011216759681702	0.06729317456483841	-0.5939065217971802	-0.3368503153324127	0.7306209206581116
1.169108510017395	11.455057144165039	-0.4176654815673828	0.47775769233703613	0.8010537028312683	0.9016708503092362	4	0.09832914969076377	3	0.0	0	0.9749242067337036	-0.11215672641992569	0.19220763444900513	0.0533086322247982	0.9562647938728333	0.28760382533073425	-0.21605807542800903	-0.27014556527137756	0.9382645487785339
1.1737570762634277	11.493806838989258	-0.42956724762916565	0.4793442189693451	0.7999568581581116	0.9069239598283482	4	0.09307604017165179	3	0.0	0	0.9217402338981628	0.07071293890476227	0.38130661845207214	-0.16886578500270844	0.9583116769790649	0.2304847091436386	-0.34911230206489563	-0.276836633682251	0.8952552676200867
1.1726922988891602	11.540521621704102	-0.45151230692863464	0.4813385307788849	0.7983540296554565	0.9125291969248065	4	0.08747080307519349	3	0.0	0	0.6494152545928955	0.42363521456718445	0.6315005421638489	-0.5666804909706116	0.823376476764679	0.03040335513651371	-0.5070828199386597	-0.3776034712791443	0.7747790813446045
1.1812258958816528	11.578418731689453	-0.49023035168647766	0.4824524521827698	0.7957426905632019	0.9142835591718899	4	0.08571644082811013	3	0.0	0	0.6149349212646484	0.5340585112571716	0.5802038311958313	-0.688399612903595	0.7224475741386414	0.06461823731660843	-0.38465696573257446	-0.4391481280326843	0.8119039535522461
1.1795158386230469	11.535175323486328	-0.45751118659973145	0.4808911979198456	0.798046350479126	0.9110925043101908	4	0.08890749568980912	3	0.0	0	0.8816133737564087	0.1926993876695633	0.4308421313762665	-0.30664965510368347	0.9277945160865784	0.21251656115055084	-0.3587811589241028	-0.31947505474090576	0.8770472407341003
1.1882869005203247	11.571589469909668	-0.4948400557041168	0.4819166362285614	0.7955654263496399	0.9127480947131613	4	0.08725190528683872	3	0.0	0	0.8635882139205933	0.24973468482494354	0.43800467252731323	-0.3924447298049927	0.8783383965492249	0.2729630470275879	-0.3165479600429535	-0.40762031078338623	0.856529712677002
1.1940512657165527	11.613412857055664	-0.5398584604263306	0.4829042851924896	0.7925453186035156	0.913120794629199	4	0.08687920537080093	3	0.0	0	0.46248945593833923	0.686867356300354	0.560639500617981	-0.8525047302246094	0.5182321667671204	0.06834658235311508	-0.2435963898897171	-0.5095573663711548	0.825234591960907
1.1636675596237183	11.426504135131836	-0.42846331000328064	0.4762883186340332	0.8010256886482239	0.8961921776641932	4	0.10380782233580672	3	0.0	0	0.9903750419616699	-0.13440607488155365	-0.03305217623710632	0.13787424564361572	0.9369992017745972	0.3209722936153412	-0.01217076275497675	-0.322439968585968	0.9465117454528809
1.160799264907837	11.414978981018066	-0.41656213998794556	0.47592300176620483	0.8017560243606567	0.8948848754077157	4	0.10511512459228435	3	0.0	0	0.9554253220558167	-0.19120104610919952	0.22495496273040771	0.1158318892121315	0.9436279535293579	0.310079425573349	-0.27156129479408264	-0.2702007591724396	0.923713207244873
1.1549031734466553	11.434858322143555	-0.3942098021507263	0.4771641492843628	0.8025986552238464	0.8998822498670737	4	0.10011775013292634	3	0.0	0	0.7337883710861206	0.020508475601673126	0.6790685653686523	-0.16737134754657745	0.9741939306259155	0.1514366716146469	-0.6584386825561523	-0.22477906942367554	0.7182846069335938
1.151710033416748	11.398204803466797	-0.40295156836509705	0.47529274225234985	0.8027302622795105	0.8923873460645328	4	0.10761265393546714	3	0.0	0	0.8876931071281433	-0.26075947284698486	0.3794807195663452	0.1487571746110916	0.9423994421958923	0.2995906472206116	-0.435743510723114	-0.20949406921863556	0.8753512501716614
1.159686803817749	11.38135051727295	-0.4479280710220337	0.47394058108329773	0.8007669448852539	0.8864789594275627	4	0.1135210405724373	3	0.0	0	0.9855458736419678	-0.0974772647023201	0.13855567574501038	0.05716363713145256	0.9612566232681274	0.2696627974510193	-0.15947353839874268	-0.2578446865081787	0.9529346823692322
1.1588315963745117	11.397669792175293	-0.4610361158847809	0.47450628876686096	0.7999710440635681	0.8889376061964507	4	0.11106239380354928	3	0.0	0	0.9917708039283752	0.06723300367593765	-0.10895226150751114	-0.033280253410339355	0.9571431875228882	0.2876966595649719	0.12362562119960785	-0.2817031741142273	0.9515041708946228
1.1610734462738037	11.32771110534668	-0.4893577992916107	0.4711941182613373	0.7994922995567322	0.8731190510540726	4	0.1268809489459274	3	0.0	0	0.8795692324638367	-0.3162725865840912	0.3554289937019348	0.2265150547027588	0.9353329539299011	0.2717413902282715	-0.4183887541294098	-0.15850532054901123	0.8943305015563965
1.1638866662979126	11.337776184082031	-0.49802345037460327	0.4715333580970764	0.7990263104438782	0.8749640526847443	4	0.12503594731525572	3	0.0	0	0.9973497986793518	0.01293991133570671	0.07159677147865295	-0.029273873195052147	0.9722588658332825	0.23206859827041626	-0.06660763919353485	-0.23354946076869965	0.9700608849525452
1.1661059856414795	11.292266845703125	-0.5352789759635925	0.4694068729877472	0.7979423999786377	0.8635873677630631	4	0.13641263223693692	3	0.0	0	0.9031726717948914	-0.29689669609069824	0.31005072593688965	0.22250816226005554	0.9414404630661011	0.25333768129348755	-0.3671094477176666	-0.1598188728094101	0.9163452982902527
1.1685271263122559	11.299432754516602	-0.5440369248390198	0.4696114659309387	0.7975403666496277	0.86486150615294	4	0.13513849384705998	3	0.0	0	0.9992963075637817	0.03460898622870445	0.014466188848018646	-0.037042975425720215	0.9712013602256775	0.23536317050457	-0.005903901066631079	-0.23573338985443115	0.9717997908592224
1.1616212129592896	11.348573684692383	-0.5101713538169861	0.4718695282936096	0.798418402671814	0.8767212915812184	4	0.12327870841878169	3	0.0	0	0.9690938591957092	0.21003036201000214	-0.12939970195293427	-0.17272768914699554	0.9522015452384949	0.25194689631462097	0.17613111436367035	-0.22180931270122528	0.9590508937835693
1.164448857307434	11.463983535766602	-0.446621835231781	0.4776667058467865	0.7996129989624023	0.9010997758365119	4	0.09890022416348807	3	0.0	0	0.9104756116867065	-0.2656380534172058	-0.31697115302085876	0.36008360981941223	0.8861533403396606	0.2916710376739502	0.20340612530708313	-0.37969547510147095	0.902472972869873
1.1698734760284424	11.462100982666016	-0.4297500252723694	0.47790050506591797	0.800411581993103	0.9020519367420858	4	0.09794806325791414	3	0.0	0	0.9702951312065125	-0.20163998007774353	-0.13367384672164917	0.23384396731853485	0.9233258366584778	0.30460861325263977	0.062003243714571	-0.3268190622329712	0.9430508613586426
1.1640145778656006	11.443233489990234	-0.43687450885772705	0.47691163420677185	0.8003782629966736	0.8984996726046178	4	0.10150032739538221	3	0.0	0	0.9625704288482666	-0.14011290669441223	-0.23200571537017822	0.21145400404930115	0.9237062931060791	0.31945866346359253	0.16954486072063446	-0.35656002163887024	0.9187597632408142
1.1582773923873901	11.432841300964355	-0.4549017548561096	0.4761488735675812	0.7997203469276428	0.8955130201492396	4	0.10448697985076044	3	0.0	0	0.9734343886375427	-0.024598322808742523	-0.227641299366951	0.09826004505157471	0.9428868293762207	0.31829145550727844	0.20681053400039673	-0.33220386505126953	0.9202553629875183
1.1589155197143555	11.459142684936523	-0.45974189043045044	0.47720804810523987	0.7990986108779907	0.8993913128085461	4	0.10060868719145384	3	0.0	0	0.95106440782547	-0.17786487936973572	-0.25266703963279724	0.25555333495140076	0.9124332666397095	0.3196217119693756	0.17369231581687927	-0.36855074763298035	0.9132367372512817
1.1732426881790161	11.490169525146484	-0.4527846574783325	0.47882071137428284	0.7989575266838074	0.9049307456046485	4	0.09506925439535156	3	0.0	0	0.9050386548042297	-0.35423317551612854	-0.2354229837656021	0.4138113558292389	0.8612838983535767	0.2948732376098633	0.0983121320605278	-0.3642923831939697	0.9260808825492859
1.1822110414505005	11.527482032775879	-0.46682196855545044	0.48036494851112366	0.7977132201194763	0.9093888010379534	4	0.09061119896204664	3	0.0	0	0.9839941263198853	-0.1031237468123436	0.14533156156539917	0.04906642436981201	0.9408104419708252	0.3353630006313324	-0.1713133156299591	-0.3228643238544464	0.9308117628097534
1.1754474639892578	11.49235725402832	-0.44098135828971863	0.47911882400512695	0.7994531989097595	0.9060581275454876	4	0.09394187245451233	3	0.0	0	0.9862208962440491	-0.1637343317270279	0.0236522126942873	0.14831745624542236	0.9384313821792603	0.31200718879699707	-0.07328226417303085	-0.3041999936103821	0.9497853517532349
1.1692466735839844	11.471317291259766	-0.44180434942245483	0.4781169891357422	0.7997308373451233	0.9026976310741422	4	0.0973023689258577	3	0.0	0	0.9013932943344116	-0.32091251015663147	-0.29069820046424866	0.4005419909954071	0.8730083107948303	0.27824926376342773	0.164488285779953	-0.36724886298179626	0.9154627323150635
1.1916389465332031	11.560954093933105	-0.5035253763198853	0.48122942447662354	0.7953546047210693	0.9107798998563414	4	0.08922010014365853	3	0.0	0	0.971366822719574	-0.08069290965795517	0.22346198558807373	-0.017518172040581703	0.9136700630187988	0.40607908368110657	-0.2369382232427597	-0.39836636185646057	0.8860951066017151
1.2041734457015991	11.579914093017578	-0.5549038648605347	0.48088887333869934	0.7926471829414368	0.9083612884572059	4	0.09163871154279411	3	0.0	0	0.9254053235054016	-0.3672688901424408	0.09348052740097046	0.2568826377391815	0.7892365455627441	0.5577787160873413	-0.2786329984664917	-0.49215784668922424	0.8247086405754089
1.206139087677002	11.594386100769043	-0.5491928458213806	0.48163196444511414	0.7924961447715759	0.9100643633200585	4	0.08993563667994153	3	0.0	0	0.9510127902030945	-0.06955354660749435	0.3012257516384125	-0.09717351943254471	0.8577255010604858	0.5048409104347229	-0.2934824824333191	-0.5093813538551331	0.8089491724967957
1.180454134941101	11.51954460144043	-0.47723814845085144	0.47980621457099915	0.7973801493644714	0.9075712955456865	4	0.09242870445431353	3	0.0	0	0.9223520159721375	-0.36952677369117737	-0.11276853829622269	0.3850872814655304	0.8557183742523193	0.34562093019485474	-0.03121807798743248	-0.36220988631248474	0.9315736889839172
1.1904762983322144	11.549729347229004	-0.5131649971008301	0.48051971197128296	0.7951690554618835	0.9087197322513331	4	0.09128026774866696	3	0.0	0	0.9275797009468079	-0.373619943857193	0.002044807653874159	0.33482810854911804	0.8336755633354187	0.439175546169281	-0.1657894402742386	-0.40668565034866333	0.8983989953994751
1.1170694828033447	11.334651947021484	-0.43082699179649353	0.4713861048221588	0.8027462363243103	0.8747119674533442	4	0.1252880325466558	3	0.0	0	0.674534797668457	-0.7091130614280701	0.20533300936222076	0.6182081699371338	0.6945956349372864	0.36790692806243896	-0.4035109877586365	-0.12122749537229538	0.906908392906189
1.1054607629776	11.313018798828125	-0.40572619438171387	0.47067415714263916	0.8042134046554565	0.8719404759628494	4	0.12805952403715054	3	0.0	0	0.879834771156311	-0.38017627596855164	-0.2852313816547394	0.45963093638420105	0.8333371877670288	0.30706465244293213	0.1209552139043808	-0.40126726031303406	0.9079396724700928
1.0967496633529663	11.3113431930542	-0.42389196157455444	0.4701507091522217	0.8034628629684448	0.8684975799854491	4	0.13150242001455098	3	0.0	0	0.794758677482605	-0.535739541053772	-0.28520485758781433	0.605110764503479	0.7357507944107056	0.3041573166847229	0.046890608966350555	-0.4143122136592865	0.9089261889457703
1.1098142862319946	11.321792602539062	-0.44622135162353516	0.47052741050720215	0.8023164868354797	0.8698763708234317	4	0.13012362917656825	3	0.0	0	0.5874050259590149	-0.7158913016319275	0.3774321973323822	0.6248692274093628	0.6975719928741455	0.3506164252758026	-0.5142893195152283	0.029891906306147575	0.8570956587791443
1.1293919086456299	11.326717376708984	-0.4566631019115448	0.4710197150707245	0.8014534115791321	0.8722346734957117	4	0.12776532650428835	3	0.0	0	0.4779091477394104	-0.6964002847671509	0.5353779196739197	0.5825169682502747	0.7074494361877441	0.4002365171909332	-0.6574776768684387	0.12059002369642258	0.7437615990638733
1.1404144763946533	11.341358184814453	-0.44781890511512756	0.4719407260417938	0.8014830946922302	0.8769908659188512	4	0.12300913408114877	3	0.0	0	0.5953531265258789	-0.6436967849731445	0.48084214329719543	0.5199248790740967	0.7649158835411072	0.3802391290664673	-0.6125624775886536	0.02362525463104248	0.7900689840316772
1.1253210306167603	11.347356796264648	-0.4137686789035797	0.47236859798431396	0.8032488822937012	0.8798435183200765	4	0.1201564816799236	3	0.0	0	0.7961782813072205	-0.586329996585846	0.14939023554325104	0.5116227865219116	0.7841939330101013	0.3511156141757965	-0.32302048802375793	-0.2031191736459732	0.9243378639221191
1.1522176265716553	11.319112777709961	-0.4848083257675171	0.4707958996295929	0.7998793721199036	0.870951446791897	4	0.129048553208103	3	0.0	0	0.6260411143302917	-0.5597838759422302	0.5428761839866638	0.44256481528282166	0.8282586336135864	0.3436918556690216	-0.6420350670814514	0.025092648342251778	0.7662645578384399
1.1345808506011963	11.311140060424805	-0.47875699400901794	0.47026267647743225	0.8005427718162537	0.8679828294327273	4	0.13201717056727275	3	0.0	0	0.48470985889434814	-0.6312337517738342	0.6054753065109253	0.5244428515434265	0.763735830783844	0.37638720870018005	-0.7000114917755127	0.1350986212491989	0.701236367225647
1.1376724243164062	11.287593841552734	-0.50468510389328	0.4691629409790039	0.7996034026145935	0.8616891228270352	4	0.13831087717296475	3	0.0	0	0.5819971561431885	-0.5195857882499695	0.6255477070808411	0.43185287714004517	0.849295437335968	0.30364543199539185	-0.6890446543693542	0.09342380613088608	0.7186720967292786
1.1567655801773071	11.289824485778809	-0.5218755006790161	0.46934330463409424	0.7985878586769104	0.8630669960694181	4	0.1369330039305819	3	0.0	0	0.7001484632492065	-0.5031144618988037	0.506624162197113	0.4004075527191162	0.8641552925109863	0.304810494184494	-0.5911564826965332	-0.010556468740105629	0.8064878582954407
1.1054242849349976	11.302953720092773	-0.465585857629776	0.46955838799476624	0.8017038702964783	0.864037643779989	4	0.1359623562200109	3	0.0	0	0.5163867473602295	-0.6258290410041809	0.5845363736152649	0.5518729090690613	0.765139639377594	0.3316586911678314	-0.6548136472702026	0.15132565796375275	0.7404860854148865
1.088257908821106	11.306607246398926	-0.43699997663497925	0.469624787569046	0.8030321002006531	0.8650922464410087	4	0.13490775355899132	3	0.0	0	0.7798083424568176	-0.6244326829910278	-0.04452821612358093	0.6017259359359741	0.728028416633606	0.3284823000431061	-0.1726972609758377	-0.28294700384140015	0.9434599280357361
1.0795795917510986	11.293923377990723	-0.45145875215530396	0.46888241171836853	0.8027063608169556	0.8601892002316738	4	0.13981079976832625	3	0.0	0	0.6925205588340759	-0.6836392879486084	0.23033151030540466	0.6206487417221069	0.727364718914032	0.29280656576156616	-0.3677091598510742	-0.05981959402561188	0.9280149340629578
1.1059935092926025	11.281067848205566	-0.484566330909729	0.4686520993709564	0.8010172247886658	0.8582592871456265	4	0.14174071285437348	3	0.0	0	0.5357387065887451	-0.4358179569244385	0.7232197523117065	0.4131668508052826	0.882268488407135	0.22560057044029236	-0.7363947033882141	0.17794746160507202	0.6527308225631714
1.0718400478363037	11.214693069458008	-0.4024896025657654	0.4667896032333374	0.8048689365386963	0.8480148238082807	4	0.15198517619171925	3	0.0	0	0.30067721009254456	-0.39864450693130493	-0.8664155006408691	0.3619121313095093	0.8881956338882446	-0.2830692231655121	0.8823904395103455	-0.2284538298845291	0.41133445501327515
1.0526378154754639	11.236272811889648	-0.4164685308933258	0.4671895205974579	0.8041225075721741	0.8493925628123371	4	0.15060743718766287	3	0.0	0	-0.015137352049350739	-0.4405091404914856	-0.8976206183433533	0.6161582469940186	0.7029078006744385	-0.35534438490867615	0.7874768972396851	-0.558455228805542	0.2607831358909607
1.0789581537246704	11.235862731933594	-0.40985339879989624	0.46751680970191956	0.8047589063644409	0.8528184488606582	4	0.14718155113934187	3	0.0	0	0.37443774938583374	-0.4330952763557434	-0.8198932409286499	0.5404230356216431	0.8204453587532043	-0.1865806132555008	0.7534847855567932	-0.3732263743877411	0.541260302066803
1.084981918334961	11.20921802520752	-0.39352235198020935	0.4666944742202759	0.8054288625717163	0.8485085072930937	4	0.15149149270690626	3	0.0	0	0.45549917221069336	-0.37444016337394714	-0.8076603412628174	0.34908169507980347	0.9097096920013428	-0.22487831115722656	0.8189399242401123	-0.1795075535774231	0.545082151889801
