1248	416	19
0.5049465894699097	7.72165584564209	-0.6383762359619141	0.4778687655925751	0.8681349158287048	1.0	4	0.0	0	0.0	0	0.014716161414980888	0.9992899298667908	0.0346878357231617	0.9993385076522827	-0.013545277528464794	-0.033751506358385086	-0.033257681876420975	0.0351615808904171	-0.998828113079071
-0.02065637707710266	7.699580192565918	0.22056567668914795	0.4472479224205017	0.793532133102417	1.0	4	0.0	0	0.0	0	0.014716161414980888	0.9992899298667908	0.0346878357231617	0.9993384480476379	-0.01354527659714222	-0.033751510083675385	-0.03325768932700157	0.0351615808904171	-0.9988281726837158
0.3860436677932739	7.693826198577881	0.2137865126132965	0.4778687655925751	0.7929151654243469	1.0	4	0.0	0	0.0	0	0.014716161414980888	0.9992899298667908	0.0346878357231617	0.9993384480476379	-0.013545277528464794	-0.03375150263309479	-0.033257681876420975	0.0351615808904171	-0.9988281726837158
-0.1591929793357849	7.749532699584961	-0.6472911834716797	9.951402898877859e-05	0.1504145711660385	1.0	4	0.0	0	0.0	0	-0.7693886756896973	0.6202797889709473	-0.1526239961385727	-0.6373485326766968	-0.7614213228225708	0.11842472851276398	-0.042754702270030975	0.18838933110237122	0.9811633825302124
-0.3991430699825287	7.419850826263428	-0.777546763420105	0.06935462355613708	0.1193259134888649	1.0	4	0.0	0	0.0	0	-0.7693886756896973	0.6202797889709473	-0.1526239961385727	-0.6373485326766968	-0.7614213824272156	0.11842471361160278	-0.04275471717119217	0.18838931620121002	0.9811633825302124
-0.49792587757110596	7.421392917633057	-0.2733082175254822	0.0879211574792862	0.20572175085544586	1.0	4	0.0	0	0.0	0	-0.7693886756896973	0.6202797889709473	-0.1526239961385727	-0.6373485326766968	-0.7614213824272156	0.11842473596334457	-0.04275469854474068	0.18838933110237122	0.9811633825302124
0.7880829572677612	6.4548258781433105	-0.816536009311676	0.12965121865272522	0.46028077602386475	1.0	4	0.0	0	0.0	0	-0.016216712072491646	0.21507132053375244	-0.9764636754989624	-0.8428364396095276	-0.5283432006835938	-0.1023729145526886	-0.5379254221916199	0.8213390111923218	0.18983793258666992
0.3993756175041199	5.98199987411499	-0.9142229557037354	0.17254017293453217	0.4437738060951233	1.0	4	0.0	0	0.0	0	-0.016216712072491646	0.21507132053375244	-0.9764636754989624	-0.8428364396095276	-0.5283432006835938	-0.1023729145526886	-0.5379254221916199	0.8213390111923218	0.18983793258666992
-0.4602093994617462	6.4148359298706055	-0.8046128749847412	0.2114686667919159	0.513766348361969	1.0	4	0.0	0	0.0	0	-0.016216712072491646	0.21507132053375244	-0.9764636754989624	-0.8428364992141724	-0.5283432006835938	-0.1023729145526886	-0.5379254221916199	0.8213390707969666	0.18983794748783112
0.445749431848526	5.865347862243652	-0.903087317943573	0.48368197679519653	0.6950587034225464	1.0	0	0.0	0	0.0	0	0.8247830271720886	0.5654261708259583	-0.005137505475431681	0.5652813911437988	-0.8247252702713013	-0.01688835583627224	-0.01378614827990532	0.011025091633200645	-0.9998441934585571
0.5976002216339111	5.655536651611328	0.38376009464263916	0.49934741854667664	0.5860680341720581	1.0	0	0.0	0	0.0	0	0.8247830271720886	0.5654261708259583	-0.005137505475431681	0.5652813911437988	-0.8247252702713013	-0.01688835583627224	-0.01378614827990532	0.011025091633200645	-0.9998441934585571
0.5982477068901062	5.642636299133301	-0.9320852756500244	0.49934741854667664	0.6971215605735779	1.0	0	0.0	0	0.0	0	0.8247830271720886	0.5654261708259583	-0.005137505475431681	0.5652813911437988	-0.8247252106666565	-0.01688835583627224	-0.013786149211227894	0.01102509256452322	-0.9998441934585571
-0.5235631465911865	6.439519882202148	0.3908458352088928	0.7879630327224731	0.5092127323150635	1.0	4	0.0	0	0.0	0	0.018106646835803986	0.061072465032339096	0.9979691505432129	0.8344069123268127	0.5489898920059204	-0.04873545095324516	-0.5508514046669006	0.833594799041748	-0.04101892188191414
-0.09528813511133194	6.001889228820801	0.40985700488090515	0.7970172166824341	0.4585590958595276	1.0	4	0.0	0	0.0	0	0.018106646835803986	0.061072465032339096	0.9979691505432129	0.8344069123268127	0.5489898324012756	-0.048735447227954865	-0.5508513450622559	0.833594799041748	-0.04101892560720444
0.7914639711380005	6.451558589935303	0.3662499189376831	0.8721039295196533	0.4491410255432129	1.0	4	0.0	0	0.0	0	0.018106646835803986	0.061072465032339096	0.9979691505432129	0.8344070315361023	0.5489898920059204	-0.04873545467853546	-0.5508513450622559	0.833594799041748	-0.04101892188191414
0.8657091856002808	6.801759243011475	-0.22686389088630676	0.4102405905723572	0.6362003684043884	1.0	0	0.0	0	0.0	0	0.9734010696411133	-0.22872714698314667	-0.013201559893786907	-0.2285366952419281	-0.9734273552894592	0.014497899450361729	-0.016166822984814644	-0.011095230467617512	-0.9998077750205994
0.8753586411476135	6.810708045959473	0.32958221435546875	0.4099003076553345	0.5892040133476257	1.0	4	0.0	0	0.0	0	0.9734010696411133	-0.22872714698314667	-0.013201559893786907	-0.2285367101430893	-0.973427414894104	0.014497901313006878	-0.016166822984814644	-0.011095230467617512	-0.9998078346252441
0.7914639711380005	6.451558589935303	0.3662499189376831	0.437747061252594	0.586559534072876	1.0	4	0.0	0	0.0	0	0.9734010696411133	-0.22872714698314667	-0.013201559893786907	-0.2285366952419281	-0.9734273552894592	0.014497900381684303	-0.016166822984814644	-0.011095230467617512	-0.9998077750205994
0.7880829572677612	6.4548258781433105	-0.816536009311676	0.43665266036987305	0.6863887310028076	1.0	4	0.0	0	0.0	0	0.7717865705490112	-0.6358473300933838	0.006613541394472122	-0.6357516646385193	-0.7713766694068909	0.028248710557818413	-0.01286033634096384	-0.0260065458714962	-0.999579131603241
0.3987281024456024	5.994900226593018	0.40162238478660583	0.4752010107040405	0.5850375890731812	1.0	4	0.0	0	0.0	0	0.7717865705490112	-0.6358473300933838	0.006613541394472122	-0.6357516646385193	-0.7713766098022461	0.028248710557818413	-0.012860335409641266	-0.02600654400885105	-0.9995790719985962
0.3993756175041199	5.98199987411499	-0.9142229557037354	0.47520098090171814	0.6960911154747009	1.0	4	0.0	0	0.0	0	0.7717865705490112	-0.6358473300933838	0.006613541394472122	-0.6357516646385193	-0.7713766098022461	0.028248708695173264	-0.012860333546996117	-0.02600654400885105	-0.9995790719985962
-0.6060038805007935	6.885260105133057	-0.2826206684112549	0.17883574962615967	0.1896975338459015	1.0	4	0.0	0	0.0	0	-0.9788798093795776	0.19634117186069489	0.05695989355444908	-0.1857737898826599	-0.9705983400344849	0.15305878221988678	0.08533691614866257	0.13924449682235718	0.9865741729736328
-0.46937456727027893	7.4067158699035645	0.2679499685764313	0.10223271697759628	0.2977346181869507	1.0	4	0.0	0	0.0	0	-0.9788798093795776	0.19634117186069489	0.05695989355444908	-0.1857737898826599	-0.9705983996391296	0.15305879712104797	0.08533692359924316	0.13924451172351837	0.9865742325782776
-0.49792587757110596	7.421392917633057	-0.2733082175254822	0.0879211574792862	0.20572175085544586	1.0	4	0.0	0	0.0	0	-0.9788798093795776	0.19634117186069489	0.05695989355444908	-0.1857737898826599	-0.9705983400344849	0.15305878221988678	0.08533691614866257	0.13924449682235718	0.9865741729736328
-0.47661277651786804	6.384966850280762	-0.19176803529262543	0.26850536465644836	0.18979895114898682	1.0	4	0.0	0	0.0	0	-0.9657212495803833	-0.2567313313484192	-0.038361117243766785	0.24669961631298065	-0.9536952972412109	0.17205964028835297	-0.08075791597366333	0.15669798851013184	0.9843393564224243
-0.6060038805007935	6.885260105133057	-0.2826206684112549	0.17883574962615967	0.1896975338459015	1.0	4	0.0	0	0.0	0	-0.9657212495803833	-0.2567313313484192	-0.038361117243766785	0.24669963121414185	-0.9536953568458557	0.17205964028835297	-0.08075790852308273	0.15669797360897064	0.9843392968177795
-0.4602093994617462	6.4148359298706055	-0.8046128749847412	0.24526366591453552	0.08589102327823639	1.0	4	0.0	0	0.0	0	-0.9657212495803833	-0.2567313313484192	-0.038361117243766785	0.24669963121414185	-0.9536953568458557	0.17205965518951416	-0.08075791597366333	0.15669798851013184	0.9843392968177795
-0.47661277651786804	6.384966850280762	-0.19176803529262543	0.26850536465644836	0.18979895114898682	1.0	4	0.0	0	0.0	0	-0.803631067276001	-0.5929890275001526	-0.050411295145750046	0.5745745897293091	-0.7951574325561523	0.19387811422348022	-0.15505249798297882	0.12684141099452972	0.9797295331954956
-0.4602093994617462	6.4148359298706055	-0.8046128749847412	0.24526366591453552	0.08589102327823639	1.0	4	0.0	0	0.0	0	-0.803631067276001	-0.5929890275001526	-0.050411295145750046	0.5745745897293091	-0.7951574325561523	0.19387808442115784	-0.15505246818065643	0.12684138119220734	0.9797295331954956
-0.1401457041501999	5.989632606506348	-0.9052298069000244	0.3327302038669586	0.05083680897951126	1.0	4	0.0	0	0.0	0	-0.803631067276001	-0.5929890275001526	-0.050411295145750046	0.5745745897293091	-0.7951574325561523	0.19387808442115784	-0.15505246818065643	0.12684138119220734	0.9797295331954956
-0.2833084464073181	5.215043544769287	0.7253963947296143	0.752754271030426	0.4126513600349426	1.0	0	0.0	0	0.0	0	0.015394891612231731	-0.08558014780282974	0.9962124228477478	0.8302286267280579	0.5563256144523621	0.03496157005429268	-0.5572104454040527	0.8265457153320312	0.07961565256118774
-0.27780359983444214	4.735772609710693	0.6841393113136292	0.7330833077430725	0.37844154238700867	1.0	0	0.0	0	0.0	0	0.015394891612231731	-0.08558014780282974	0.9962124228477478	0.8302285075187683	0.5563256144523621	0.03496157005429268	-0.5572105050086975	0.8265457153320312	0.07961565256118774
0.5544013381004333	4.723999500274658	0.6702675223350525	0.7867972254753113	0.3381071984767914	1.0	0	0.0	0	0.0	0	0.015394891612231731	-0.08558014780282974	0.9962124228477478	0.8302285671234131	0.5563256144523621	0.03496157005429268	-0.5572105050086975	0.826545774936676	0.07961565256118774
-0.18940317630767822	5.874333381652832	-0.8925001621246338	0.3544348180294037	0.04800879582762718	1.0	0	0.0	0	0.0	0	-0.8081746101379395	0.5885289907455444	0.02208194136619568	-0.5681270956993103	-0.7889419794082642	0.2340986430644989	0.1551951915025711	0.17664720118045807	0.971962034702301
-0.30416297912597656	5.6682939529418945	0.39879128336906433	0.4464920163154602	0.2565775215625763	1.0	0	0.0	0	0.0	0	-0.8081746101379395	0.5885289907455444	0.02208194136619568	-0.5681270956993103	-0.7889419794082642	0.2340986430644989	0.1551951915025711	0.17664720118045807	0.971962034702301
-0.14454558491706848	5.886589527130127	0.4225867986679077	0.40179815888404846	0.2715941369533539	1.0	0	0.0	0	0.0	0	-0.8081746101379395	0.5885289907455444	0.02208194136619568	-0.5681270956993103	-0.7889419794082642	0.2340986579656601	0.1551951915025711	0.17664721608161926	0.971962034702301
-0.18940317630767822	5.874333381652832	-0.8925001621246338	0.2160414308309555	0.46352672576904297	1.0	0	0.0	0	0.0	0	-0.018023395910859108	-0.10211078077554703	-0.9946098327636719	-0.8345596194267273	-0.5462961792945862	0.07120814919471741	-0.5506226420402527	0.8313446044921875	-0.07537142187356949
0.3993756175041199	5.98199987411499	-0.9142229557037354	0.17254017293453217	0.4437738060951233	1.0	4	0.0	0	0.0	0	-0.018023395910859108	-0.10211078077554703	-0.9946098327636719	-0.8345597386360168	-0.546296238899231	0.071208156645298	-0.5506226420402527	0.8313446044921875	-0.07537141442298889
0.445749431848526	5.865347862243652	-0.903087317943573	0.17431941628456116	0.43331870436668396	1.0	0	0.0	0	0.0	0	-0.018023395910859108	-0.10211078077554703	-0.9946098327636719	-0.8345596790313721	-0.5462961792945862	0.07120814919471741	-0.5506226420402527	0.8313446640968323	-0.07537142187356949
-0.14454558491706848	5.886589527130127	0.4225867986679077	0.7891001105308533	0.45273691415786743	1.0	0	0.0	0	0.0	0	0.01486345287412405	-0.11908633261919022	0.9927726984024048	0.8230851292610168	0.5652021169662476	0.055474892258644104	-0.5677235126495361	0.8163118958473206	0.10641904920339584
0.5976002216339111	5.655536651611328	0.38376009464263916	0.8279141187667847	0.40101635456085205	1.0	0	0.0	0	0.0	0	0.01486345287412405	-0.11908633261919022	0.9927726984024048	0.8230850696563721	0.5652020573616028	0.05547488480806351	-0.5677234530448914	0.8163118362426758	0.10641904175281525
0.44510191679000854	5.8782477378845215	0.4127581715583801	0.8275288343429565	0.4238804280757904	1.0	0	0.0	0	0.0	0	0.01486345287412405	-0.11908633261919022	0.9927726984024048	0.8230851292610168	0.5652021169662476	0.055474892258644104	-0.5677235126495361	0.8163118958473206	0.10641904920339584
0.8047093749046326	7.368545055389404	-0.7484887838363647	0.4549623131752014	0.7002729773521423	1.0	4	0.0	0	0.0	0	0.9884410500526428	0.1458851546049118	-0.04125244915485382	-0.14609475433826447	0.98926842212677	-0.0020962883718311787	0.04050393030047417	0.008098823949694633	0.999146580696106
0.8591064810752869	7.291938304901123	0.2839964032173157	0.4486648440361023	0.7875333428382874	1.0	4	0.0	0	0.0	0	0.9884410500526428	0.1458851546049118	-0.04125244915485382	-0.14609475433826447	0.98926842212677	-0.002096288139000535	0.04050393030047417	0.008098823949694633	0.999146580696106
0.9139288067817688	6.767799377441406	-0.2559826076030731	0.4099003076553345	0.7417960166931152	1.0	4	0.0	0	0.0	0	0.9884410500526428	0.1458851546049118	-0.04125244915485382	-0.14609475433826447	0.98926842212677	-0.002096288139000535	0.04050393030047417	0.008098823949694633	0.999146580696106
0.3987281024456024	5.994900226593018	0.40162238478660583	0.4752010107040405	0.5850375890731812	1.0	4	0.0	0	0.0	0	0.929361879825592	0.36915650963783264	-0.00316182360984385	0.3691186010837555	-0.9293413162231445	-0.008731028065085411	-0.006161529570817947	0.0069471970200538635	-0.9999569654464722
0.445749431848526	5.865347862243652	-0.903087317943573	0.48368197679519653	0.6950587034225464	1.0	0	0.0	0	0.0	0	0.929361879825592	0.36915650963783264	-0.00316182360984385	0.3691186308860779	-0.9293413162231445	-0.008731027133762836	-0.006161528639495373	0.006947196088731289	-0.9999569058418274
0.3993756175041199	5.98199987411499	-0.9142229557037354	0.47520098090171814	0.6960911154747009	1.0	4	0.0	0	0.0	0	0.929361879825592	0.36915650963783264	-0.00316182360984385	0.3691186010837555	-0.9293412566184998	-0.008731027133762836	-0.006161529570817947	0.0069471970200538635	-0.9999569654464722
-0.09528813511133194	6.001889228820801	0.40985700488090515	0.38009366393089294	0.27442213892936707	1.0	4	0.0	0	0.0	0	-0.9181399345397949	0.39529159665107727	0.027633758261799812	-0.3791523575782776	-0.8966381549835205	0.22865578532218933	0.11516319215297699	0.19946059584617615	0.973115086555481
-0.18940317630767822	5.874333381652832	-0.8925001621246338	0.3544348180294037	0.04800879582762718	1.0	0	0.0	0	0.0	0	-0.9181399345397949	0.39529159665107727	0.027633758261799812	-0.3791523873806	-0.8966382145881653	0.22865581512451172	0.11516320705413818	0.19946062564849854	0.973115086555481
-0.14454558491706848	5.886589527130127	0.4225867986679077	0.40179815888404846	0.2715941369533539	1.0	0	0.0	0	0.0	0	-0.9181399345397949	0.39529159665107727	0.027633758261799812	-0.3791523575782776	-0.8966381549835205	0.22865578532218933	0.11516319215297699	0.19946059584617615	0.973115086555481
0.7394391298294067	0.7906013131141663	-0.654028594493866	0.3635941445827484	0.05852276459336281	1.0	13	0.0	0	0.0	0	0.18390172719955444	-0.2889859974384308	-0.9395037293434143	-0.8442441821098328	-0.5359585881233215	-0.000397486612200737	-0.5034202337265015	0.7932436466217041	-0.342538446187973
0.49094918370246887	0.18615223467350006	-0.5167437791824341	0.4042542278766632	0.026012999936938286	0.5	14	0.5	13	0.0	0	0.18390172719955444	-0.2889859974384308	-0.9395037293434143	-0.8442442417144775	-0.5359586477279663	-0.0003974726714659482	-0.5034202933311462	0.7932437062263489	-0.3425384759902954
0.3246505558490753	0.8881603479385376	-0.765229344367981	0.386200875043869	0.08478706330060959	1.0	13	0.0	0	0.0	0	0.18390172719955444	-0.2889859974384308	-0.9395037293434143	-0.8442441821098328	-0.5359585881233215	-0.000397486612200737	-0.5034202337265015	0.7932436466217041	-0.342538446187973
1.0696651935577393	5.764319896697998	0.39154052734375	0.20099623501300812	0.6251569390296936	1.0	0	0.0	0	0.0	0	0.438193678855896	0.8988394737243652	-0.008596166037023067	-0.020939305424690247	0.019767791032791138	0.9995853304862976	0.8986366987228394	-0.43783196806907654	0.027483195066452026
1.514479398727417	5.53555154800415	-0.854511022567749	0.10553250461816788	0.6579999923706055	1.0	6	0.0	0	0.0	0	0.438193678855896	0.8988394737243652	-0.008596166037023067	-0.020939303562045097	0.019767792895436287	0.9995853304862976	0.8986366987228394	-0.43783196806907654	0.027483195066452026
1.0703126192092896	5.751420021057129	-0.9243048429489136	0.1009238064289093	0.6230456233024597	1.0	0	0.0	0	0.0	0	0.438193678855896	0.8988394737243652	-0.008596166037023067	-0.020939303562045097	0.019767791032791138	0.9995853900909424	0.8986366391181946	-0.43783193826675415	0.027483191341161728
-0.29160112142562866	4.283898830413818	0.6361013054847717	0.5274069309234619	0.5174102187156677	1.0	0	0.0	0	0.0	0	-0.166189044713974	-0.292253315448761	0.9417904019355774	-0.9027309417724609	-0.33923593163490295	-0.26456716656684875	0.39680981636047363	-0.8941515684127808	-0.2074488401412964
-1.2018556594848633	4.180146217346191	0.4432809352874756	0.6937910318374634	0.47554925084114075	1.0	0	0.0	0	0.0	0	-0.166189044713974	-0.292253315448761	0.9417904019355774	-0.9027310013771057	-0.33923593163490295	-0.26456716656684875	0.39680978655815125	-0.894151508808136	-0.2074488401412964
-0.7986764907836914	3.5258986949920654	0.311402291059494	0.6741592288017273	0.6170863509178162	1.0	0	0.0	0	0.0	0	-0.166189044713974	-0.292253315448761	0.9417904019355774	-0.9027309417724609	-0.33923593163490295	-0.26456716656684875	0.396809846162796	-0.8941515684127808	-0.2074488401412964
-0.3490206003189087	5.6560378074646	-0.9162955284118652	0.23517288267612457	0.45532697439193726	1.0	0	0.0	0	0.0	0	-0.010081244632601738	-0.007729401811957359	-0.9999193549156189	-0.8203659653663635	-0.5716981887817383	0.012690218165516853	-0.5717501044273376	0.8204275965690613	-0.0005775084719061852
0.6071385741233826	4.210439205169678	-0.9147610664367676	0.23606553673744202	0.30480265617370605	1.0	0	0.0	0	0.0	0	-0.010081244632601738	-0.007729401811957359	-0.9999193549156189	-0.8203659057617188	-0.5716980695724487	0.012690216302871704	-0.5717500448226929	0.820427656173706	-0.0005775094032287598
-0.3712224066257477	4.130660533905029	-0.9042804837226868	0.29874059557914734	0.34771090745925903	1.0	0	0.0	0	0.0	0	-0.010081244632601738	-0.007729401811957359	-0.9999193549156189	-0.8203659057617188	-0.5716980695724487	0.012690216302871704	-0.5717500448226929	0.820427656173706	-0.0005775094032287598
-0.7986764907836914	3.5258986949920654	0.311402291059494	0.6956127285957336	0.8738021850585938	1.0	0	0.0	0	0.0	0	-0.9720972180366516	-0.2315749078989029	0.037415869534015656	0.030819401144981384	0.032038990408182144	0.9990113973617554	-0.23254473507404327	0.9722893238067627	-0.02400801330804825
-0.6343019604682922	2.6866917610168457	-0.6120358109474182	0.6239384412765503	0.8051571846008301	1.0	16	0.0	0	0.0	0	-0.9720972180366516	-0.2315749078989029	0.037415869534015656	0.030819397419691086	0.032038990408182144	0.9990113377571106	-0.23254474997520447	0.9722893834114075	-0.024008017033338547
-0.6117532849311829	2.726715326309204	0.22151316702365875	0.687421441078186	0.8062841296195984	1.0	16	0.0	0	0.0	0	-0.9720972180366516	-0.2315749078989029	0.037415869534015656	0.030819397419691086	0.032038990408182144	0.9990113377571106	-0.23254474997520447	0.9722893834114075	-0.024008017033338547
-1.330325961112976	4.952369689941406	-0.8639271259307861	0.3268979787826538	0.44930723309516907	1.0	9	0.0	0	0.0	0	-0.019971048459410667	-0.012436327524483204	-0.9997231960296631	-0.844806969165802	-0.5345537066459656	0.023526078090071678	-0.5346983671188354	0.8450430035591125	0.00016930140554904938
-1.3285993337631226	5.63587760925293	-0.8724642992019653	0.2989402115345001	0.49791696667671204	1.0	9	0.0	0	0.0	0	-0.019971048459410667	-0.012436327524483204	-0.9997231960296631	-0.8448070883750916	-0.5345537066459656	0.023526081815361977	-0.5346983075141907	0.8450430035591125	0.00016930047422647476
-0.8759477138519287	5.778893947601318	-0.8832858204841614	0.2640331983566284	0.48770231008529663	1.0	0	0.0	0	0.0	0	-0.019971048459410667	-0.012436327524483204	-0.9997231960296631	-0.8448069095611572	-0.5345537066459656	0.02352607622742653	-0.5346983671188354	0.8450429439544678	0.00016930232231970876
-0.8759477138519287	5.778893947601318	-0.8832858204841614	0.49177196621894836	0.01623808592557907	1.0	0	0.0	0	0.0	0	-0.3012430667877197	0.953546404838562	0.0013886637752875686	-0.9440364837646484	-0.2984432280063629	0.1404525488615036	0.13434244692325592	0.0409994050860405	0.9900864362716675
-1.2837417125701904	5.648133277893066	0.4426227807998657	0.6126452684402466	0.2224178910255432	1.0	9	0.0	0	0.0	0	-0.3012430667877197	0.953546404838562	0.0013886637752875686	-0.9440363645553589	-0.2984431982040405	0.1404525190591812	0.13434243202209473	0.0409994013607502	0.9900864362716675
-0.8310902118682861	5.791150093078613	0.43180105090141296	0.5344638824462891	0.23162874579429626	1.0	0	0.0	0	0.0	0	-0.3012430667877197	0.953546404838562	0.0013886637752875686	-0.9440364837646484	-0.2984432280063629	0.1404525339603424	0.13434243202209473	0.0409993976354599	0.9900864362716675
0.9916388392448425	3.555912733078003	-0.6928072571754456	0.52227383852005	0.6942821741104126	1.0	0	0.0	0	0.0	0	0.9756484031677246	-0.20839393138885498	-0.0684274435043335	0.07491081207990646	0.023370051756501198	0.9969163537025452	-0.20615217089653015	-0.9777657985687256	0.03841191157698631
0.8637624382972717	2.7082505226135254	0.06544475257396698	0.5777530670166016	0.7685326337814331	1.0	12	0.0	0	0.0	0	0.9756484031677246	-0.20839393138885498	-0.0684274435043335	0.07491081207990646	0.023370051756501198	0.9969162940979004	-0.20615215599536896	-0.9777657389640808	0.038411907851696014
0.8115599155426025	2.7069807052612305	-0.6749991178512573	0.5213362574577332	0.7671523690223694	1.0	12	0.0	0	0.0	0	0.9756484031677246	-0.20839393138885498	-0.0684274435043335	0.07491081953048706	0.023370051756501198	0.9969164133071899	-0.20615215599536896	-0.9777657389640808	0.038411907851696014
1.0696651935577393	5.764319896697998	0.39154052734375	0.8612229228019714	0.3878299295902252	1.0	0	0.0	0	0.0	0	0.40114203095436096	0.15982018411159515	0.9019659161567688	0.757000744342804	0.4965997040271759	-0.42466291785240173	-0.5157856941223145	0.8531390428543091	0.07822301983833313
0.5748300552368164	5.2029032707214355	0.7110923528671265	0.8081024289131165	0.3710898756980896	1.0	0	0.0	0	0.0	0	0.40114203095436096	0.15982018411159515	0.9019659161567688	0.757000744342804	0.4965997636318207	-0.4246629476547241	-0.5157857537269592	0.8531390428543091	0.07822304964065552
1.4821053743362427	4.963686943054199	0.34997597336769104	0.8540615439414978	0.3121039867401123	1.0	6	0.0	0	0.0	0	0.40114203095436096	0.15982018411159515	0.9019659161567688	0.7570006847381592	0.4965997040271759	-0.42466291785240173	-0.5157856941223145	0.8531390428543091	0.07822302728891373
0.6071385741233826	4.210439205169678	-0.9147610664367676	0.23606553673744202	0.30480265617370605	1.0	0	0.0	0	0.0	0	0.004017952363938093	-0.31902334094047546	-0.9477383494377136	-0.8571797609329224	-0.4891935884952545	0.16103605926036835	-0.5150017738342285	0.8117351531982422	-0.27542588114738464
1.3799127340316772	4.173524856567383	-0.8990589380264282	0.18451642990112305	0.27162325382232666	1.0	0	0.0	0	0.0	0	0.004017952363938093	-0.31902334094047546	-0.9477383494377136	-0.8571797609329224	-0.48919355869293213	0.16103604435920715	-0.5150017142295837	0.8117351531982422	-0.27542588114738464
0.9916388392448425	3.555912733078003	-0.6928072571754456	0.2347302883863449	0.244130477309227	1.0	0	0.0	0	0.0	0	0.004017952363938093	-0.31902334094047546	-0.9477383494377136	-0.8571796417236328	-0.48919352889060974	0.16103604435920715	-0.5150017142295837	0.8117349743843079	-0.27542588114738464
-1.2491934299468994	4.191157817840576	-0.8715724349021912	0.6059531569480896	0.9338294267654419	1.0	0	0.0	0	0.0	0	-0.993725061416626	-0.10627111047506332	0.03488640859723091	0.03164305537939072	0.03205489367246628	0.9989851713180542	-0.10728152841329575	0.9938204288482666	-0.028491005301475525
-1.2467132806777954	4.167889595031738	-0.8718061447143555	0.6058862209320068	0.9318621754646301	1.0	0	0.0	0	0.0	0	-0.993725061416626	-0.10627111047506332	0.03488640859723091	0.03164305537939072	0.03205489367246628	0.9989851713180542	-0.10728152841329575	0.9938204288482666	-0.028491005301475525
-1.2018556594848633	4.180146217346191	0.4432809352874756	0.705947995185852	0.9293299317359924	1.0	0	0.0	0	0.0	0	-0.993725061416626	-0.10627111047506332	0.03488640859723091	0.03164304792881012	0.03205489367246628	0.9989851117134094	-0.10728152096271515	0.9938203692436218	-0.028491005301475525
-0.30416297912597656	5.6682939529418945	0.39879128336906433	0.4464920163154602	0.2565775215625763	1.0	0	0.0	0	0.0	0	0.22603610157966614	0.9739742875099182	-0.016787169501185417	-0.9194339513778687	0.21900804340839386	0.32661423087120056	0.3217903673648834	-0.058391913771629333	0.9450086355209351
-0.8759477138519287	5.778893947601318	-0.8832858204841614	0.49177196621894836	0.01623808592557907	1.0	0	0.0	0	0.0	0	0.22603610157966614	0.9739742875099182	-0.016787169501185417	-0.9194338321685791	0.21900799870491028	0.3266142010688782	0.3217903673648834	-0.058391910046339035	0.9450086355209351
-0.8310902118682861	5.791150093078613	0.43180105090141296	0.5344638824462891	0.23162874579429626	1.0	0	0.0	0	0.0	0	0.22603610157966614	0.9739742875099182	-0.016787169501185417	-0.9194338917732239	0.21900801360607147	0.32661423087120056	0.3217903971672058	-0.05839191749691963	0.9450086951255798
-1.9606536626815796	4.8077006340026855	-0.7133159637451172	0.37336352467536926	0.46669894456863403	1.0	9	0.0	0	0.0	0	-0.17538820207118988	-0.00010484921222086996	-0.9844993352890015	-0.8396971225738525	-0.5220290422439575	0.14964734017848969	-0.5139529705047607	0.8529277443885803	0.09146970510482788
-2.45284366607666	5.501416206359863	-0.6257063746452332	0.3767698407173157	0.5378451943397522	0.5	10	0.5	9	0.0	0	-0.17538820207118988	-0.00010484921222086996	-0.9844993352890015	-0.8396971821784973	-0.5220291018486023	0.14964734017848969	-0.5139529705047607	0.8529276847839355	0.09146970510482788
-1.883130669593811	5.797724723815918	-0.7272320985794067	0.328048437833786	0.5337263941764832	1.0	9	0.0	0	0.0	0	-0.17538820207118988	-0.00010484921222086996	-0.9844993352890015	-0.8396971821784973	-0.5220291018486023	0.14964734017848969	-0.5139529705047607	0.8529276847839355	0.09146970510482788
-1.2018556594848633	4.180146217346191	0.4432809352874756	0.705947995185852	0.9293299317359924	1.0	0	0.0	0	0.0	0	-0.8538870215415955	-0.5193436741828918	-0.03404761850833893	-0.05820272117853165	0.030277220532298088	0.9978455305099487	-0.5171939134597778	0.8540289998054504	-0.056080542504787445
-0.8698530197143555	3.7090632915496826	-0.6974393725395203	0.6192073822021484	0.8920575380325317	1.0	0	0.0	0	0.0	0	-0.8538870215415955	-0.5193436741828918	-0.03404761850833893	-0.05820272117853165	0.03027721866965294	0.9978455305099487	-0.5171939134597778	0.8540289998054504	-0.056080542504787445
-0.7986764907836914	3.5258986949920654	0.311402291059494	0.6956127285957336	0.8738021850585938	1.0	0	0.0	0	0.0	0	-0.8538870215415955	-0.5193436741828918	-0.03404761850833893	-0.058202724903821945	0.030277222394943237	0.9978455305099487	-0.5171939134597778	0.8540289998054504	-0.056080542504787445
0.5976002216339111	5.655536651611328	0.38376009464263916	0.20099623501300812	0.5861164927482605	1.0	0	0.0	0	0.0	0	-0.224395290017128	0.9744503498077393	-0.009663785807788372	-0.01989622600376606	0.005333382170647383	0.9997878074645996	0.9742950201034546	0.22453990578651428	0.01819109544157982
1.0703126192092896	5.751420021057129	-0.9243048429489136	0.1009238064289093	0.6230456233024597	1.0	0	0.0	0	0.0	0	-0.224395290017128	0.9744503498077393	-0.009663785807788372	-0.01989622414112091	0.005333381704986095	0.9997878074645996	0.9742950201034546	0.22453992068767548	0.01819109544157982
0.5982477068901062	5.642636299133301	-0.9320852756500244	0.1009237989783287	0.5840051174163818	1.0	0	0.0	0	0.0	0	-0.224395290017128	0.9744503498077393	-0.009663785807788372	-0.01989622414112091	0.005333381704986095	0.9997878074645996	0.9742950201034546	0.22453992068767548	0.01819109544157982
1.4700038433074951	4.91273307800293	-0.8927092552185059	0.511335015296936	0.575765073299408	1.0	6	0.0	0	0.0	0	0.9919387698173523	-0.12055742740631104	-0.03903000429272652	0.042539238929748535	0.02667229063808918	0.9987387657165527	-0.11936435848474503	-0.9923480153083801	0.0315857008099556
1.4367361068725586	4.267609596252441	0.25448164343833923	0.5970684885978699	0.6332181692123413	1.0	0	0.0	0	0.0	0	0.9919387698173523	-0.12055742740631104	-0.03903000429272652	0.042539238929748535	0.02667229063808918	0.9987387657165527	-0.11936435848474503	-0.9923480153083801	0.0315857008099556
1.3799127340316772	4.173524856567383	-0.8990589380264282	0.5090637803077698	0.6385980844497681	1.0	0	0.0	0	0.0	0	0.9919387698173523	-0.12055742740631104	-0.03903000429272652	0.04253923520445824	0.026672283187508583	0.9987386465072632	-0.11936435848474503	-0.9923480153083801	0.0315856970846653
1.9987328052520752	4.797351360321045	0.3265640437602997	0.8012409210205078	0.9101612567901611	1.0	6	0.0	0	0.0	0	0.2292904406785965	-0.9733576774597168	0.0008395778713747859	0.009571308270096779	0.003117194166406989	0.9999493360519409	-0.9733110070228577	-0.2292707860469818	0.010031049139797688
2.5767202377319336	4.932745456695557	-0.5549676418304443	0.7347128391265869	0.8606868982315063	0.5	7	0.5	6	0.0	0	0.2292904406785965	-0.9733576774597168	0.0008395778713747859	0.009571308270096779	0.0031171943992376328	0.9999493956565857	-0.9733109474182129	-0.22927077114582062	0.010031048208475113
2.613469362258911	4.942032337188721	0.1754383146762848	0.7902976870536804	0.8581763505935669	0.5	7	0.5	6	0.0	0	0.2292904406785965	-0.9733576774597168	0.0008395778713747859	0.009571308270096779	0.003117194166406989	0.9999493360519409	-0.9733110070228577	-0.2292707860469818	0.010031049139797688
1.3799127340316772	4.173524856567383	-0.8990589380264282	0.5090637803077698	0.6385980844497681	1.0	0	0.0	0	0.0	0	0.8251213431358337	-0.5546317100524902	-0.10751041769981384	0.14015819132328033	0.016611570492386818	0.9899897575378418	-0.5472937822341919	-0.8319301605224609	0.09144273400306702
1.1264692544937134	3.591646671295166	0.15764310956001282	0.5873732566833496	0.6923577785491943	1.0	0	0.0	0	0.0	0	0.8251213431358337	-0.5546317100524902	-0.10751041769981384	0.14015817642211914	0.016611561179161072	0.9899897575378418	-0.5472937822341919	-0.8319301605224609	0.09144271910190582
0.9916388392448425	3.555912733078003	-0.6928072571754456	0.52227383852005	0.6942821741104126	1.0	0	0.0	0	0.0	0	0.8251213431358337	-0.5546317100524902	-0.10751041769981384	0.14015817642211914	0.016611561179161072	0.9899897575378418	-0.5472937822341919	-0.8319301605224609	0.09144271910190582
2.977388620376587	4.837888240814209	-0.4892699122428894	0.05507339537143707	0.2445884644985199	1.0	7	0.0	0	0.0	0	0.09211038053035736	0.02681807056069374	-0.995387613773346	-0.8375977873802185	-0.5384819507598877	-0.09201692044734955	-0.5384659767150879	0.8422101736068726	-0.027137024328112602
3.4389970302581787	5.168121814727783	-0.4376567006111145	0.0120000671595335	0.24696575105190277	1.0	7	0.0	0	0.0	0	0.09211038053035736	0.02681807056069374	-0.995387613773346	-0.8375977873802185	-0.5384819507598877	-0.09201692044734955	-0.5384659767150879	0.8422101736068726	-0.027137024328112602
3.405301570892334	4.877062797546387	-0.4486165940761566	0.026014328002929688	0.2278316766023636	1.0	7	0.0	0	0.0	0	0.09211038053035736	0.02681807056069374	-0.995387613773346	-0.8375978469848633	-0.5384820103645325	-0.09201692044734955	-0.5384660363197327	0.8422101736068726	-0.0271370280534029
1.9987328052520752	4.797351360321045	0.3265640437602997	0.8799728155136108	0.2763873040676117	1.0	6	0.0	0	0.0	0	0.14994551241397858	0.09223665297031403	0.9843823909759521	0.8198866248130798	0.544822633266449	-0.175938680768013	-0.5525418519973755	0.8334631323814392	0.006070115603506565
2.6629478931427	5.306591987609863	0.17767198383808136	0.9432234168052673	0.28115901350975037	0.5	7	0.5	6	0.0	0	0.14994551241397858	0.09223665297031403	0.9843823909759521	0.8198866248130798	0.544822633266449	-0.175938680768013	-0.5525418519973755	0.8334631323814392	0.006070115603506565
2.055418014526367	5.680166721343994	0.23520967364311218	0.9202095866203308	0.33581265807151794	1.0	6	0.0	0	0.0	0	0.14994551241397858	0.09223665297031403	0.9843823909759521	0.8198865652084351	0.544822633266449	-0.1759386658668518	-0.5525418519973755	0.8334630727767944	0.006070123054087162
2.055418014526367	5.680166721343994	0.23520967364311218	0.1876690685749054	0.7065483927726746	1.0	6	0.0	0	0.0	0	0.5233335494995117	0.8502428531646729	-0.05665032938122749	-0.029264580458402634	0.08437483757734299	0.9960042834281921	0.8516252636909485	-0.5195845365524292	0.06903817504644394
2.618366241455078	5.282925605773926	-0.526334822177887	0.12883365154266357	0.7481975555419922	0.5	7	0.5	6	0.0	0	0.5233335494995117	0.8502428531646729	-0.05665032938122749	-0.029264580458402634	0.08437483757734299	0.9960042834281921	0.8516253232955933	-0.5195845365524292	0.06903817504644394
2.051882743835449	5.624230861663818	-0.6369689702987671	0.12133045494556427	0.7043015956878662	1.0	6	0.0	0	0.0	0	0.5233335494995117	0.8502428531646729	-0.05665032938122749	-0.029264580458402634	0.08437483757734299	0.9960042238235474	0.8516253232955933	-0.519584596157074	0.06903818249702454
2.005627393722534	4.750576019287109	-0.6709897518157959	0.12094725668430328	0.2832276523113251	1.0	6	0.0	0	0.0	0	0.18070471286773682	0.05878537893295288	-0.9817790389060974	-0.8237113952636719	-0.5364168882369995	-0.18372972309589386	-0.5374434590339661	0.8419033885002136	-0.04851087927818298
2.618366241455078	5.282925605773926	-0.526334822177887	0.05998558551073074	0.2926739454269409	0.5	7	0.5	6	0.0	0	0.18070471286773682	0.05878537893295288	-0.9817790389060974	-0.8237113356590271	-0.5364168882369995	-0.18372970819473267	-0.5374434590339661	0.8419033288955688	-0.04851088300347328
2.5767202377319336	4.932745456695557	-0.5549676418304443	0.07690879702568054	0.269784152507782	0.5	7	0.5	6	0.0	0	0.18070471286773682	0.05878537893295288	-0.9817790389060974	-0.8237112760543823	-0.5364168882369995	-0.18372972309589386	-0.5374435186386108	0.8419033885002136	-0.04851088672876358
-2.928617477416992	5.023824691772461	-0.5785216689109802	0.790693998336792	0.6327428817749023	1.0	10	0.0	0	0.0	0	-0.32490280270576477	-0.9457008838653564	-0.009382620453834534	-0.03394092619419098	0.021573979407548904	-0.9991909861564636	0.9451382160186768	-0.3243214786052704	-0.03910741209983826
-3.32946515083313	5.154746055603027	0.1061573252081871	0.7395962476730347	0.596888542175293	1.0	10	0.0	0	0.0	0	-0.32490280270576477	-0.9457008838653564	-0.009382620453834534	-0.03394092619419098	0.021573979407548904	-0.9991909861564636	0.9451382160186768	-0.3243214786052704	-0.03910741209983826
-3.367887020111084	5.174026966094971	-0.5067418813705444	0.7862720489501953	0.5954003930091858	1.0	10	0.0	0	0.0	0	-0.32490280270576477	-0.9457008838653564	-0.009382620453834534	-0.03394092991948128	0.021573979407548904	-0.9991910457611084	0.945138156414032	-0.3243214786052704	-0.03910741209983826
-1.9606536626815796	4.8077006340026855	-0.7133159637451172	0.7985811233520508	0.7149181365966797	1.0	9	0.0	0	0.0	0	-0.5194385647773743	-0.8544428944587708	-0.010536513291299343	-0.03387787565588951	0.03291293978691101	-0.9988839030265808	0.853835940361023	-0.5185018181800842	-0.04604295641183853
-2.46128249168396	5.099983215332031	0.2649136483669281	0.725315511226654	0.6697347164154053	0.5	10	0.5	9	0.0	0	-0.5194385647773743	-0.8544428944587708	-0.010536513291299343	-0.03387787565588951	0.03291293978691101	-0.998883843421936	0.853835940361023	-0.5185018181800842	-0.04604296013712883
-2.4638848304748535	5.112761497497559	-0.6430297493934631	0.7943307161331177	0.6721209287643433	0.5	10	0.5	9	0.0	0	-0.5194385647773743	-0.8544428944587708	-0.010536513291299343	-0.03387787193059921	0.03291293978691101	-0.9988839030265808	0.853835940361023	-0.5185018181800842	-0.04604295268654823
-1.7864760160446167	5.789159297943115	0.2766430377960205	0.6894166469573975	0.17204734683036804	1.0	9	0.0	0	0.0	0	-0.4198436439037323	0.9073602557182312	0.020705504342913628	-0.9068208336830139	-0.42031869292259216	0.03175490349531174	0.037516042590141296	-0.005444087088108063	0.9992811679840088
-2.45284366607666	5.501416206359863	-0.6257063746452332	0.7954972982406616	0.008675516583025455	0.5	10	0.5	9	0.0	0	-0.4198436439037323	0.9073602557182312	0.020705504342913628	-0.9068207740783691	-0.4203186333179474	0.03175490349531174	0.037516042590141296	-0.00544408755376935	0.9992811679840088
-2.434727430343628	5.489286422729492	0.2731884717941284	0.8084821105003357	0.1674313247203827	0.5	10	0.5	9	0.0	0	-0.4198436439037323	0.9073602557182312	0.020705504342913628	-0.9068207740783691	-0.4203186333179474	0.03175490349531174	0.037516042590141296	-0.00544408755376935	0.9992811679840088
-1.8148866891860962	4.839085102081299	0.32965102791786194	0.7542474269866943	0.3206770718097687	1.0	9	0.0	0	0.0	0	-0.10521935671567917	-0.013958203606307507	0.9943510890007019	-0.9122233986854553	-0.39676743745803833	-0.10209845751523972	0.3959512412548065	-0.9178130626678467	0.02901461347937584
-2.434727430343628	5.489286422729492	0.2731884717941284	0.8084821105003357	0.1674313247203827	0.5	10	0.5	9	0.0	0	-0.10521935671567917	-0.013958203606307507	0.9943510890007019	-0.9122233986854553	-0.39676743745803833	-0.10209845751523972	0.3959512412548065	-0.9178130626678467	0.02901461347937584
-2.46128249168396	5.099983215332031	0.2649136483669281	0.8415049910545349	0.23036803305149078	0.5	10	0.5	9	0.0	0	-0.10521935671567917	-0.013958203606307507	0.9943510890007019	-0.9122234582901001	-0.3967674672603607	-0.10209846496582031	0.3959512710571289	-0.9178131222724915	0.02901461534202099
-1.2837417125701904	5.648133277893066	0.4426227807998657	0.6126452684402466	0.2224178910255432	1.0	9	0.0	0	0.0	0	-0.22654786705970764	0.01273679081350565	0.97391676902771	-0.9062138795852661	-0.36925971508026123	-0.20597000420093536	0.35700488090515137	-0.92923903465271	0.09519726783037186
-1.8148866891860962	4.839085102081299	0.32965102791786194	0.7542474269866943	0.3206770718097687	1.0	9	0.0	0	0.0	0	-0.22654786705970764	0.01273679081350565	0.97391676902771	-0.9062139391899109	-0.369259774684906	-0.20597001910209656	0.357004851102829	-0.9292389154434204	0.09519726037979126
-1.285468339920044	4.964625835418701	0.4511599838733673	0.657363772392273	0.33563002943992615	1.0	9	0.0	0	0.0	0	-0.22654786705970764	0.01273679081350565	0.97391676902771	-0.9062139391899109	-0.3692597448825836	-0.20597001910209656	0.3570048213005066	-0.9292389154434204	0.09519724547863007
-1.3285993337631226	5.63587760925293	-0.8724642992019653	0.5702141523361206	9.951402898877859e-05	1.0	9	0.0	0	0.0	0	0.27566152811050415	0.961079478263855	-0.018359381705522537	-0.9296708703041077	0.2714112102985382	0.24909476935863495	0.2443828135728836	-0.05159766972064972	0.9683051705360413
-1.7864760160446167	5.789159297943115	0.2766430377960205	0.6894166469573975	0.17204734683036804	1.0	9	0.0	0	0.0	0	0.27566152811050415	0.961079478263855	-0.018359381705522537	-0.9296708703041077	0.2714112102985382	0.24909476935863495	0.2443828135728836	-0.05159766972064972	0.9683051705360413
-1.2837417125701904	5.648133277893066	0.4426227807998657	0.6126452684402466	0.2224178910255432	1.0	9	0.0	0	0.0	0	0.27566152811050415	0.961079478263855	-0.018359381705522537	-0.9296708703041077	0.2714112102985382	0.24909476935863495	0.2443828135728836	-0.05159766972064972	0.9683051705360413
