1218	406	10
-0.42022550106048584	7.841559886932373	-0.4166186451911926	0.4778687655925751	0.8681349158287048	1.0	0	0.0	0	0.0	0	0.05163642019033432	0.9986659288406372	0.0	-0.017079098150134087	0.0008830815204419196	-0.9998537302017212	-0.9985198378562927	0.05162886530160904	0.017101913690567017
0.429221510887146	7.797638893127441	0.12286047637462616	0.4472479224205017	0.793532133102417	1.0	0	0.0	0	0.0	0	0.05163642019033432	0.9986659288406372	0.0	-0.017079098150134087	0.0008830815786495805	-0.9998537302017212	-0.9985199570655823	0.051628876477479935	0.017101915553212166
0.429221510887146	7.797638893127441	-0.2839367389678955	0.4778687655925751	0.7929151654243469	1.0	0	0.0	0	0.0	0	0.05163642019033432	0.9986659288406372	0.0	-0.017079098150134087	0.0008830815786495805	-0.9998537302017212	-0.9985199570655823	0.051628876477479935	0.017101915553212166
-0.43989598751068115	7.86037540435791	0.24760794639587402	0.45011278986930847	0.8714688420295715	1.0	0	0.0	0	0.0	0	-0.1552116423845291	0.6120539307594299	0.7754350304603577	0.1157069131731987	0.7908080220222473	-0.6010279655456543	-0.9810817241668701	-0.003563352394849062	-0.19356149435043335
-0.5796831846237183	7.5296549797058105	0.48066699504852295	0.4187072515487671	0.8791391849517822	1.0	0	0.0	0	0.0	0	-0.1552116423845291	0.6120539307594299	0.7754350304603577	0.1157069057226181	0.7908079624176025	-0.6010279059410095	-0.9810817241668701	-0.0035633444786071777	-0.19356147944927216
-0.07723081111907959	7.521276950836182	0.5878510475158691	0.4099003076553345	0.8368692398071289	1.0	0	0.0	0	0.0	0	-0.1552116423845291	0.6120539307594299	0.7754350304603577	0.1157069131731987	0.7908079624176025	-0.6010279059410095	-0.9810817241668701	-0.003563337028026581	-0.19356147944927216
-0.6147340536117554	6.581979274749756	-0.7205744385719299	0.12965121865272522	0.46028077602386475	1.0	0	0.0	0	0.0	0	-0.9728652238845825	0.23135320842266083	0.002982296282425523	-0.12542346119880676	-0.5381630063056946	0.8334563970565796	0.19442780315876007	0.8104667663574219	0.5525771975517273
-0.7268694639205933	6.105535507202148	-0.3402755558490753	0.17254017293453217	0.4437738060951233	1.0	0	0.0	0	0.0	0	-0.9728652238845825	0.23135320842266083	0.002982296282425523	-0.12542346119880676	-0.5381630063056946	0.8334563970565796	0.19442780315876007	0.8104667663574219	0.5525771975517273
-0.6245797872543335	6.524494171142578	0.5270527601242065	0.2114686667919159	0.513766348361969	1.0	0	0.0	0	0.0	0	-0.9728652238845825	0.23135320842266083	0.002982296282425523	-0.12542346119880676	-0.5381630063056946	0.8334563970565796	0.19442780315876007	0.8104667663574219	0.5525771975517273
-0.7169039249420166	5.989365100860596	-0.38810262084007263	0.48368197679519653	0.6950587034225464	1.0	0	0.0	0	0.0	0	0.01825856976211071	0.5768109560012817	-0.8166735172271729	-0.02112133800983429	-0.8164049386978149	-0.5770934820175171	-0.9996101260185242	0.027786139398813248	-0.0027233667206019163
0.568637490272522	5.7598876953125	-0.521439790725708	0.49934741854667664	0.5860680341720581	1.0	0	0.0	0	0.0	0	0.01825856976211071	0.5768109560012817	-0.8166735172271729	-0.02112133987247944	-0.8164049983024597	-0.5770934820175171	-0.999610185623169	0.027786141261458397	-0.0027233660221099854
-0.7470406293869019	5.769312858581543	-0.5441977977752686	0.49934741854667664	0.6971215605735779	1.0	0	0.0	0	0.0	0	0.01825856976211071	0.5768109560012817	-0.8166735172271729	-0.02112133800983429	-0.8164049983024597	-0.5770934820175171	-0.999610185623169	0.027786139398813248	-0.0027233678847551346
0.5698829889297485	6.528021812438965	0.6106624603271484	0.7879630327224731	0.5092127323150635	1.0	0	0.0	0	0.0	0	0.9990143179893494	0.04438582807779312	-0.0006076216814108193	-0.02543930523097515	0.561250627040863	-0.8272548317909241	-0.03637736290693283	0.8264548778533936	0.5618265867233276
0.5888086557388306	6.0961103439331055	0.17661671340465546	0.7970172166824341	0.4585590958595276	1.0	0	0.0	0	0.0	0	0.9990143179893494	0.04438582807779312	-0.0006076216814108193	-0.02543930523097515	0.561250627040863	-0.8272547721862793	-0.03637736290693283	0.8264548182487488	0.5618265867233276
0.5677200555801392	6.5587029457092285	-0.7042900323867798	0.8721039295196533	0.4491410255432129	1.0	0	0.0	0	0.0	0	0.9990143179893494	0.04438582807779312	-0.0006076216814108193	-0.02543930895626545	0.5612506866455078	-0.8272548913955688	-0.03637735918164253	0.8264548182487488	0.5618265867233276
-0.01811516284942627	6.919906139373779	-0.783448338508606	0.4102405905723572	0.6362003684043884	1.0	0	0.0	0	0.0	0	-0.0005715277511626482	-0.21495573222637177	-0.9766236543655396	-0.005646469071507454	-0.9766075015068054	0.21495546400547028	-0.9999839067459106	0.005637328140437603	-0.0006555826403200626
0.5384863615036011	6.919550895690918	-0.7836958765983582	0.4099003076553345	0.5892040133476257	1.0	0	0.0	0	0.0	0	-0.0005715277511626482	-0.21495573222637177	-0.9766236543655396	-0.005646469537168741	-0.9766075611114502	0.21495547890663147	-0.9999838471412659	0.005637328140437603	-0.0006555826403200626
0.5677200555801392	6.5587029457092285	-0.7042900323867798	0.437747061252594	0.586559534072876	1.0	0	0.0	0	0.0	0	-0.0005715277511626482	-0.21495573222637177	-0.9766236543655396	-0.005646469071507454	-0.9766075611114502	0.21495547890663147	-0.9999838471412659	0.005637327674776316	-0.0006555825239047408
-0.6147340536117554	6.581979274749756	-0.7205744385719299	0.43665266036987305	0.6863887310028076	1.0	0	0.0	0	0.0	0	0.009022348560392857	-0.6251091957092285	-0.7804851531982422	0.004597030114382505	-0.7804827690124512	0.6251603960990906	-0.9999487400054932	-0.009228328242897987	-0.004168141633272171
0.5888086557388306	6.0961103439331055	-0.31751757860183716	0.4752010107040405	0.5850375890731812	1.0	0	0.0	0	0.0	0	0.009022348560392857	-0.6251091957092285	-0.7804851531982422	0.004597030114382505	-0.7804827690124512	0.6251603960990906	-0.9999487400054932	-0.009228328242897987	-0.004168141633272171
-0.7268694639205933	6.105535507202148	-0.3402755558490753	0.47520098090171814	0.6960911154747009	1.0	0	0.0	0	0.0	0	0.009022348560392857	-0.6251091957092285	-0.7804851531982422	0.004597029183059931	-0.7804827094078064	0.6251603960990906	-0.9999486804008484	-0.009228328242897987	-0.004168142098933458
-0.09733259677886963	6.983932971954346	0.6881649494171143	0.35512712597846985	0.9184444546699524	1.0	0	0.0	0	0.0	0	0.0436834841966629	0.18175968527793884	0.9823722243309021	0.9990453124046326	-0.008374168537557125	-0.042875491082668304	0.0004335143603384495	0.9833073019981384	-0.18195196986198425
0.46411144733428955	7.497820854187012	0.5681188702583313	0.3977009952068329	0.9619565010070801	1.0	0	0.0	0	0.0	0	0.0436834841966629	0.18175968527793884	0.9823722243309021	0.9990453124046326	-0.008374168537557125	-0.042875491082668304	0.0004335143603384495	0.9833073019981384	-0.18195196986198425
-0.07723081111907959	7.521276950836182	0.5878510475158691	0.3564859628677368	0.9635438323020935	1.0	0	0.0	0	0.0	0	0.0436834841966629	0.18175968527793884	0.9823722243309021	0.9990453124046326	-0.008374168537557125	-0.042875491082668304	0.0004335143603384495	0.9833073019981384	-0.18195196986198425
-0.012684941291809082	6.484012126922607	0.5532426238059998	0.36216622591018677	0.8759475946426392	1.0	0	0.0	0	0.0	0	-0.05896485224366188	-0.26940518617630005	0.9612200260162354	0.9982501864433289	-0.011629840359091759	0.05797687545418739	-0.004440435208380222	0.9629566669464111	0.26961952447891235
-0.09733259677886963	6.983932971954346	0.6881649494171143	0.35512712597846985	0.9184444546699524	1.0	0	0.0	0	0.0	0	-0.05896485224366188	-0.26940518617630005	0.9612200260162354	0.9982501864433289	-0.011629840359091759	0.05797687545418739	-0.004440435208380222	0.9629566669464111	0.26961952447891235
-0.6245797872543335	6.524494171142578	0.5270527601242065	0.31566473841667175	0.8787884712219238	1.0	0	0.0	0	0.0	0	-0.05896485224366188	-0.26940518617630005	0.9612200260162354	0.9982501864433289	-0.011629840359091759	0.05797687545418739	-0.004440435208380222	0.9629566669464111	0.26961952447891235
-0.012684941291809082	6.484012126922607	0.5532426238059998	0.36216622591018677	0.8759475946426392	1.0	0	0.0	0	0.0	0	-0.07389549911022186	-0.6031311750411987	0.794211745262146	0.9964492917060852	-0.012430818751454353	0.08327212929725647	-0.04035131633281708	0.7975451946258545	0.6019082069396973
-0.6245797872543335	6.524494171142578	0.5270527601242065	0.31566473841667175	0.8787884712219238	1.0	0	0.0	0	0.0	0	-0.07389549911022186	-0.6031311750411987	0.794211745262146	0.9964492917060852	-0.012430818751454353	0.08327212929725647	-0.04035131633281708	0.7975451946258545	0.6019082069396973
-0.7268694639205933	6.105535507202148	0.1993747055530548	0.30881112813949585	0.842444896697998	1.0	0	0.0	0	0.0	0	-0.07389549911022186	-0.6031311750411987	0.794211745262146	0.99644935131073	-0.01243081409484148	0.08327213674783707	-0.040351320058107376	0.7975451350212097	0.6019081473350525
0.8387564420700073	4.823117256164551	0.34575146436691284	0.7330833077430725	0.37844154238700867	1.0	0	0.0	0	0.0	0	0.9924337863922119	-0.12278107553720474	0.0	0.0700390562415123	0.5661224722862244	-0.8213402628898621	0.10084505379199982	0.8151259422302246	0.5704385638237
0.5832818746566772	2.7581281661987305	-0.07045042514801025	0.6713598370552063	0.2131062000989914	1.0	0	0.0	0	0.0	0	0.9924337863922119	-0.12278107553720474	0.0	0.0700390562415123	0.5661224722862244	-0.8213402628898621	0.10084505379199982	0.8151259422302246	0.5704385638237
0.8387564420700073	4.823117256164551	-0.48665231466293335	0.7867972254753113	0.3381071984767914	1.0	0	0.0	0	0.0	0	0.9924337863922119	-0.12278107553720474	0.0	0.0700390562415123	0.5661224722862244	-0.8213402628898621	0.10084505379199982	0.8151259422302246	0.5704385638237
-0.7169039249420166	5.989365100860596	0.24720177054405212	0.3095545172691345	0.8327778577804565	1.0	0	0.0	0	0.0	0	0.01825856603682041	0.576810896396637	0.8166735768318176	0.9998320937156677	-0.009257069788873196	-0.01581527851521969	-0.0015624200459569693	0.8168252110481262	-0.57688307762146
0.568637490272522	5.7598876953125	0.3805389106273651	0.4071957767009735	0.8148322701454163	1.0	0	0.0	0	0.0	0	0.01825856603682041	0.576810896396637	0.8166735768318176	0.9998321533203125	-0.00925707072019577	-0.015815280377864838	-0.0015624200459569693	0.8168252110481262	-0.57688307762146
0.5987743139266968	5.979939937591553	0.22444376349449158	0.4096420705318451	0.8330051898956299	1.0	0	0.0	0	0.0	0	0.01825856603682041	0.576810896396637	0.8166735768318176	0.9998320937156677	-0.00925707072019577	-0.01581527851521969	-0.0015624191146343946	0.8168252110481262	-0.57688307762146
-0.7169039249420166	5.989365100860596	-0.38810262084007263	0.17431941628456116	0.43331870436668396	1.0	0	0.0	0	0.0	0	-0.9907519221305847	0.13568595051765442	0.0	-0.07599228620529175	-0.554880678653717	0.8284520506858826	0.11240928620100021	0.8207903504371643	0.5600600838661194
-0.7470406293869019	5.769312858581543	0.40329691767692566	0.23517288267612457	0.45532697439193726	1.0	0	0.0	0	0.0	0	-0.9907519221305847	0.13568595051765442	0.0	-0.07599228620529175	-0.554880678653717	0.8284520506858826	0.11240928620100021	0.8207903504371643	0.5600600838661194
-0.7169039249420166	5.989365100860596	0.24720177054405212	0.2160414308309555	0.46352672576904297	1.0	0	0.0	0	0.0	0	-0.9907519221305847	0.13568595051765442	0.0	-0.07599227875471115	-0.5548806190490723	0.8284519910812378	0.11240929365158081	0.8207904100418091	0.5600600838661194
0.5987743139266968	5.979939937591553	0.22444376349449158	0.7891001105308533	0.45273691415786743	1.0	0	0.0	0	0.0	0	0.9907518625259399	-0.1356864869594574	0.0	0.07882127910852432	0.5755351185798645	-0.8139696717262268	0.11044467240571976	0.8064418435096741	0.58090740442276
0.568637490272522	5.7598876953125	-0.521439790725708	0.8279141187667847	0.40101635456085205	1.0	0	0.0	0	0.0	0	0.9907518625259399	-0.1356864869594574	0.0	0.07882127910852432	0.5755351185798645	-0.813969612121582	0.11044467985630035	0.8064419031143188	0.5809074640274048
0.5987743139266968	5.979939937591553	-0.3653446137905121	0.8275288343429565	0.4238804280757904	1.0	0	0.0	0	0.0	0	0.9907518625259399	-0.1356864869594574	0.0	0.07882127910852432	0.5755351185798645	-0.8139697313308716	0.11044467985630035	0.8064419031143188	0.58090740442276
-0.5311455726623535	7.494555950164795	-0.723139226436615	0.4549623131752014	0.7002729773521423	1.0	0	0.0	0	0.0	0	-0.02209610305726528	0.1602509617805481	-0.9868289828300476	0.011977930553257465	0.9870415925979614	0.16001728177070618	0.9996841549873352	-0.008284410461783409	-0.023729247972369194
0.5006860494613647	7.401213645935059	-0.7614008188247681	0.4486648440361023	0.7875333428382874	1.0	0	0.0	0	0.0	0	-0.02209610305726528	0.1602509617805481	-0.9868289828300476	0.01197792962193489	0.9870415925979614	0.16001728177070618	0.9996841549873352	-0.008284410461783409	-0.023729247972369194
-0.04697859287261963	6.8871169090271	-0.8326221108436584	0.4099003076553345	0.7417960166931152	1.0	0	0.0	0	0.0	0	-0.02209610305726528	0.1602509617805481	-0.9868289828300476	0.011977930553257465	0.9870415925979614	0.16001728177070618	0.9996841549873352	-0.008284410461783409	-0.023729247972369194
0.5888086557388306	6.0961103439331055	-0.31751757860183716	0.4752010107040405	0.5850375890731812	1.0	0	0.0	0	0.0	0	0.018718985840678215	0.3820025622844696	-0.9239715933799744	-0.018032260239124298	-0.9238543510437012	-0.38231945037841797	-0.9996621608734131	0.02381793037056923	-0.01040524523705244
-0.7169039249420166	5.989365100860596	-0.38810262084007263	0.48368197679519653	0.6950587034225464	1.0	0	0.0	0	0.0	0	0.018718985840678215	0.3820025622844696	-0.9239715933799744	-0.018032260239124298	-0.9238543510437012	-0.38231945037841797	-0.9996621608734131	0.02381793037056923	-0.01040524523705244
-0.7268694639205933	6.105535507202148	-0.3402755558490753	0.47520098090171814	0.6960911154747009	1.0	0	0.0	0	0.0	0	0.018718985840678215	0.3820025622844696	-0.9239715933799744	-0.018032263964414597	-0.9238542914390564	-0.3823194205760956	-0.9996621608734131	0.02381793037056923	-0.010405244305729866
0.5888086557388306	6.0961103439331055	0.17661671340465546	0.40889865159988403	0.8426721692085266	1.0	0	0.0	0	0.0	0	0.018719008192420006	0.3820025324821472	0.9239717125892639	0.9998222589492798	-0.00923687033355236	-0.01643683761358261	0.002255692845210433	0.9241151809692383	-0.38210755586624146
-0.7169039249420166	5.989365100860596	0.24720177054405212	0.3095545172691345	0.8327778577804565	1.0	0	0.0	0	0.0	0	0.018719008192420006	0.3820025324821472	0.9239717125892639	0.9998223185539246	-0.00923687033355236	-0.01643683761358261	0.0022556926123797894	0.9241151213645935	-0.38210752606391907
0.5987743139266968	5.979939937591553	0.22444376349449158	0.4096420705318451	0.8330051898956299	1.0	0	0.0	0	0.0	0	0.018719008192420006	0.3820025324821472	0.9239717125892639	0.9998222589492798	-0.00923687033355236	-0.01643683761358261	0.002255692845210433	0.9241150617599487	-0.3821074962615967
-0.5478137731552124	0.9156837463378906	-0.7493489384651184	0.3635941445827484	0.05852276459336281	1.0	0	0.0	0	0.0	0	-0.9409626722335815	-0.27043601870536804	-0.20360146462917328	-0.023627789691090584	-0.5475256443023682	0.8364552855491638	-0.33768466114997864	0.7918838262557983	0.5088114142417908
-0.4248751401901245	0.30560731887817383	-0.5071799159049988	0.4042542278766632	0.026012999936938286	1.0	0	0.0	0	0.0	0	-0.9409626722335815	-0.27043601870536804	-0.20360146462917328	-0.02362780086696148	-0.5475255846977234	0.836455225944519	-0.337684690952301	0.7918838858604431	0.5088114142417908
-0.6643617153167725	1.0093555450439453	-0.33513274788856506	0.386200875043869	0.08478706330060959	1.0	0	0.0	0	0.0	0	-0.9409626722335815	-0.27043601870536804	-0.20360146462917328	-0.023627793416380882	-0.5475256443023682	0.8364553451538086	-0.33768466114997864	0.7918838858604431	0.5088114142417908
0.5862129926681519	5.875056743621826	-0.9917236566543579	0.20099623501300812	0.6251569390296936	1.0	0	0.0	0	0.0	0	0.01384249608963728	0.9048435091972351	-0.42551925778388977	0.9992794990539551	0.002522700233384967	0.03787177801132202	0.03534149006009102	-0.4257369339466095	-0.9041566252708435
-0.6557942628860474	5.673638343811035	-1.4604324102401733	0.10553250461816788	0.6579999923706055	1.0	0	0.0	0	0.0	0	0.01384249608963728	0.9048435091972351	-0.42551925778388977	0.9992794990539551	0.002522700233384967	0.03787177801132202	0.03534149006009102	-0.4257369339466095	-0.9041566252708435
-0.729465126991272	5.884481906890869	-1.0144816637039185	0.1009238064289093	0.6230456233024597	1.0	0	0.0	0	0.0	0	0.01384249608963728	0.9048435091972351	-0.42551925778388977	0.9992794990539551	0.002522700233384967	0.03787177801132202	0.03534149006009102	-0.4257369339466095	-0.9041566252708435
0.5730577707290649	4.258899211883545	1.2577100992202759	0.6507867574691772	0.3812609612941742	1.0	0	0.0	0	0.0	0	0.9559854865074158	-0.27188757061958313	0.11031224578619003	0.24550022184848785	0.5352954864501953	-0.8082008361816406	0.1606900990009308	0.7997099161148071	0.5784831643104553
0.43708980083465576	3.612633466720581	0.8431758284568787	0.648997962474823	0.31602901220321655	1.0	0	0.0	0	0.0	0	0.9559854865074158	-0.27188757061958313	0.11031224578619003	0.24550022184848785	0.5352954864501953	-0.8082008361816406	0.1606900990009308	0.7997099161148071	0.5784831643104553
0.8387564420700073	4.823117256164551	0.34575146436691284	0.7330833077430725	0.37844154238700867	1.0	0	0.0	0	0.0	0	0.9559854865074158	-0.27188757061958313	0.11031224578619003	0.24550022184848785	0.5352954864501953	-0.8082008361816406	0.1606900990009308	0.7997099161148071	0.5784831643104553
-0.7470406293869019	5.769312858581543	-0.5441977977752686	0.1735796183347702	0.4107315242290497	1.0	0	0.0	0	0.0	0	-0.9999743700027466	0.007163590285927057	0.0	-0.003871881403028965	-0.5404806733131409	0.8413475155830383	0.006027068942785263	0.8413259387016296	0.5404945611953735
-0.7685445547103882	2.7675533294677734	-0.564373254776001	0.29855144023895264	0.19887381792068481	1.0	0	0.0	0	0.0	0	-0.9999743700027466	0.007163590285927057	0.0	-0.0038718816358596087	-0.5404807329177856	0.8413475155830383	0.006027068942785263	0.8413259387016296	0.5404946208000183
-0.7685445547103882	2.7675533294677734	-0.07045042514801025	0.32934802770614624	0.221171572804451	1.0	0	0.0	0	0.0	0	-0.9999743700027466	0.007163590285927057	0.0	-0.003871881403028965	-0.5404806733131409	0.8413475751876831	0.00602706940844655	0.8413259983062744	0.5404945611953735
0.43708980083465576	3.612633466720581	0.8431758284568787	0.6956127285957336	0.8738021850585938	1.0	0	0.0	0	0.0	0	0.017103811725974083	-0.24562837183475494	0.9692131876945496	0.9997856020927429	0.01551787555217743	-0.013710619881749153	-0.011672412045300007	0.9692398905754089	0.2458411306142807
-0.49734270572662354	2.791565418243408	0.6515820026397705	0.6239384412765503	0.8051571846008301	1.0	0	0.0	0	0.0	0	0.017103811725974083	-0.24562837183475494	0.9692131876945496	0.9997856020927429	0.015517876483500004	-0.013710619881749153	-0.011672412976622581	0.9692398905754089	0.2458411306142807
0.33702099323272705	2.8177571296691895	0.6434956789016724	0.687421441078186	0.8062841296195984	1.0	0	0.0	0	0.0	0	0.017103811725974083	-0.24562837183475494	0.9692131876945496	0.9997855424880981	0.01551787555217743	-0.013710618950426579	-0.011672412976622581	0.9692398309707642	0.2458411157131195
-0.7230385541915894	5.051323413848877	1.3752877712249756	0.3268979787826538	0.44930723309516907	1.0	0	0.0	0	0.0	0	-0.9999861121177673	0.004242428112775087	0.00313012208789587	0.00030264255474321544	-0.5465355515480042	0.837435781955719	0.005263484548777342	0.8374251127243042	0.5465266704559326
-0.7201143503189087	5.734835624694824	1.3830868005752563	0.2989402115345001	0.49791696667671204	1.0	0	0.0	0	0.0	0	-0.9999861121177673	0.004242428112775087	0.00313012208789587	0.00030264255474321544	-0.5465355515480042	0.837435781955719	0.005263484548777342	0.8374251127243042	0.5465266704559326
-0.7208911180496216	5.884276390075684	0.9323859214782715	0.2640331983566284	0.48770231008529663	1.0	0	0.0	0	0.0	0	-0.9999861121177673	0.004242428112775087	0.00313012208789587	0.0003026425838470459	-0.5465356111526489	0.8374358415603638	0.005263484548777342	0.837425172328949	0.5465267300605774
-0.7208911180496216	5.884276390075684	0.9323859214782715	0.10008542239665985	0.6268900632858276	1.0	0	0.0	0	0.0	0	0.012242438271641731	0.9491181969642639	0.3146820068359375	-0.9996137022972107	0.0037632700987160206	0.027538660913705826	0.024953212589025497	-0.3148975968360901	0.9487976431846619
0.5955640077590942	5.725410461425781	1.3603287935256958	0.0008383757085539401	0.6675360202789307	1.0	0	0.0	0	0.0	0	0.012242438271641731	0.9491181969642639	0.3146820068359375	-0.9996137022972107	0.0037632696330547333	0.027538660913705826	0.0249532088637352	-0.3148975670337677	0.9487975239753723
0.5947870016098022	5.874851226806641	0.9096279740333557	0.0	0.6280710697174072	1.0	0	0.0	0	0.0	0	0.012242438271641731	0.9491181969642639	0.3146820068359375	-0.9996137022972107	0.0037632703315466642	0.027538659051060677	0.0249532051384449	-0.3148975670337677	0.9487975239753723
-0.5360766649246216	3.6844851970672607	-0.963021993637085	0.52227383852005	0.6942821741104126	1.0	0	0.0	0	0.0	0	-0.05540380999445915	-0.19365964829921722	-0.9795030951499939	0.9982914328575134	0.0074976119212806225	-0.05794890597462654	0.018566299229860306	-0.9810401797294617	0.19291336834430695
0.20562493801116943	2.8223958015441895	-0.834529459476471	0.5777530670166016	0.7685326337814331	1.0	0	0.0	0	0.0	0	-0.05540380999445915	-0.19365964829921722	-0.9795030951499939	0.9982913732528687	0.007497610989958048	-0.05794890224933624	0.018566297367215157	-0.9810401201248169	0.19291335344314575
-0.5355130434036255	2.832958698272705	-0.7946967482566833	0.5213362574577332	0.7671523690223694	1.0	0	0.0	0	0.0	0	-0.05540380999445915	-0.19365964829921722	-0.9795030951499939	0.9982914328575134	0.007497612852603197	-0.05794890597462654	0.018566299229860306	-0.9810401797294617	0.19291336834430695
0.5862129926681519	5.875056743621826	-0.9917236566543579	0.8612229228019714	0.3878299295902252	1.0	0	0.0	0	0.0	0	0.9111631512641907	0.1500471532344818	-0.38375478982925415	-0.4034447968006134	0.5141751170158386	-0.7568727135658264	0.08375055342912674	0.844458281993866	0.5290331244468689
0.8879233598709106	5.301496505737305	-0.4996221959590912	0.8081024289131165	0.3710898756980896	1.0	0	0.0	0	0.0	0	0.9111631512641907	0.1500471532344818	-0.38375478982925415	-0.4034447968006134	0.5141751170158386	-0.7568727135658264	0.08375055342912674	0.844458281993866	0.5290331244468689
0.5382422208786011	5.0810370445251465	-1.4160821437835693	0.8540615439414978	0.3121039867401123	1.0	0	0.0	0	0.0	0	0.9111631512641907	0.1500471532344818	-0.38375478982925415	-0.4034447968006134	0.5141751170158386	-0.7568727135658264	0.08375055342912674	0.844458281993866	0.5290331244468689
-0.7253800630569458	4.310829162597656	-1.34590482711792	0.18451642990112305	0.27162325382232666	1.0	0	0.0	0	0.0	0	-0.9604513645172119	-0.14494922757148743	0.23774538934230804	0.27843284606933594	-0.5087859630584717	0.8146239519119263	0.0028824061155319214	0.8486027121543884	0.529022753238678
-0.5360766649246216	3.6844851970672607	-0.963021993637085	0.2347302883863449	0.244130477309227	1.0	0	0.0	0	0.0	0	-0.9604513645172119	-0.14494922757148743	0.23774538934230804	0.27843284606933594	-0.5087859034538269	0.8146238923072815	0.0028823986649513245	0.8486027717590332	0.529022753238678
-0.7470406293869019	5.769312858581543	-0.5441977977752686	0.1735796183347702	0.4107315242290497	1.0	0	0.0	0	0.0	0	-0.9604513645172119	-0.14494922757148743	0.23774538934230804	0.27843284606933594	-0.5087859630584717	0.8146238923072815	0.0028824135661125183	0.8486027717590332	0.5290228128433228
-0.7230385541915894	5.051323413848877	1.3752877712249756	0.6081417798995972	0.9981881380081177	1.0	0	0.0	0	0.0	0	0.016304977238178253	-0.12060565501451492	0.9925665259361267	0.9997735023498535	0.01554522942751646	-0.0145344827324152	-0.013676735572516918	0.9925788044929504	0.12083181738853455
0.5730577707290649	4.258899211883545	1.2577100992202759	0.705947995185852	0.9293299317359924	1.0	0	0.0	0	0.0	0	0.016304977238178253	-0.12060565501451492	0.9925665259361267	0.9997735023498535	0.015545228496193886	-0.0145344827324152	-0.013676734641194344	0.9925788044929504	0.12083181738853455
0.5926398038864136	5.041898250579834	1.352529764175415	0.7082036137580872	0.99565589427948	1.0	0	0.0	0	0.0	0	0.016304977238178253	-0.12060565501451492	0.9925665259361267	0.9997735619544983	0.015545228496193886	-0.014534484595060349	-0.013676732778549194	0.9925787448883057	0.12083180993795395
0.568637490272522	5.7598876953125	0.3805389106273651	0.0008383711683563888	0.5851861238479614	1.0	0	0.0	0	0.0	0	0.00332460505887866	0.9771583080291748	-0.21248693764209747	-0.99955153465271	0.009571012109518051	0.028374824672937393	0.029760411009192467	0.21229730546474457	0.9767519235610962
-0.7208911180496216	5.884276390075684	0.9323859214782715	0.10008542239665985	0.6268900632858276	1.0	0	0.0	0	0.0	0	0.00332460505887866	0.9771583080291748	-0.21248693764209747	-0.99955153465271	0.009571011178195477	0.028374822810292244	0.029760409146547318	0.21229730546474457	0.9767519235610962
0.5947870016098022	5.874851226806641	0.9096279740333557	0.0	0.6280710697174072	1.0	0	0.0	0	0.0	0	0.00332460505887866	0.9771583080291748	-0.21248693764209747	-0.9995514750480652	0.009571011178195477	0.028374819085001945	0.02976040542125702	0.21229729056358337	0.9767518639564514
-0.5855420827865601	4.895397663116455	2.0059285163879395	0.37336352467536926	0.46669894456863403	1.0	0	0.0	0	0.0	0	-0.9871869683265686	0.01415854599326849	0.15893834829330444	0.12668415904045105	-0.5360803604125977	0.8346070051193237	0.09702055901288986	0.844048261642456	0.5274178981781006
-0.49467504024505615	5.580638885498047	2.509273052215576	0.3767698407173157	0.5378451943397522	1.0	8	0.0	0	0.0	0	-0.9871869683265686	0.01415854599326849	0.15893834829330444	0.12668417394161224	-0.5360804200172424	0.8346071243286133	0.09702056646347046	0.844048261642456	0.5274178981781006
-0.581588625907898	5.8864946365356445	1.9421950578689575	0.328048437833786	0.5337263941764832	1.0	0	0.0	0	0.0	0	-0.9871869683265686	0.01415854599326849	0.15893834829330444	0.12668415904045105	-0.5360804200172424	0.8346070051193237	0.09702057391405106	0.844048261642456	0.5274179577827454
0.5730577707290649	4.258899211883545	1.2577100992202759	0.705947995185852	0.9293299317359924	1.0	0	0.0	0	0.0	0	-0.057153791189193726	-0.5304776430130005	0.8457699418067932	0.9970861077308655	0.012542328797280788	0.07524584978818893	-0.05052416771650314	0.8476060628890991	0.5282150506973267
-0.5696066617965698	3.8118748664855957	0.9001139998435974	0.6192073822021484	0.8920575380325317	1.0	0	0.0	0	0.0	0	-0.057153791189193726	-0.5304776430130005	0.8457699418067932	0.9970861673355103	0.012542327865958214	0.07524585723876953	-0.05052416771650314	0.8476061224937439	0.5282150506973267
0.43708980083465576	3.612633466720581	0.8431758284568787	0.6956127285957336	0.8738021850585938	1.0	0	0.0	0	0.0	0	-0.057153791189193726	-0.5304776430130005	0.8457699418067932	0.9970861673355103	0.012542331591248512	0.07524585723876953	-0.05052417144179344	0.8476061224937439	0.5282150506973267
0.568637490272522	5.7598876953125	-0.521439790725708	0.20099623501300812	0.5861164927482605	1.0	0	0.0	0	0.0	0	0.0028417413122951984	0.9712700843811035	0.23796308040618896	0.9992581605911255	-0.011897587217390537	0.036628108471632004	0.038406968116760254	0.23768243193626404	-0.9705832600593567
-0.729465126991272	5.884481906890869	-1.0144816637039185	0.1009238064289093	0.6230456233024597	1.0	0	0.0	0	0.0	0	0.0028417413122951984	0.9712700843811035	0.23796308040618896	0.9992582201957703	-0.011897589080035686	0.0366281121969223	0.03840697184205055	0.23768244683742523	-0.9705833196640015
-0.7470406293869019	5.769312858581543	-0.5441977977752686	0.1009237989783287	0.5840051174163818	1.0	0	0.0	0	0.0	0	0.0028417413122951984	0.9712700843811035	0.23796308040618896	0.9992582201957703	-0.011897589080035686	0.0366281121969223	0.03840697184205055	0.23768244683742523	-0.9705833196640015
-0.7051483392715454	5.051000595092773	-1.4254132509231567	0.511335015296936	0.575765073299408	1.0	0	0.0	0	0.0	0	-0.02427079901099205	-0.10611716657876968	-0.9940573573112488	0.9996213316917419	0.01031876727938652	-0.02550819143652916	0.01296430267393589	-0.9943000674247742	0.10582653433084488
0.4303680658340454	4.386116981506348	-1.3821605443954468	0.5970684885978699	0.6332181692123413	1.0	0	0.0	0	0.0	0	-0.02427079901099205	-0.10611716657876968	-0.9940573573112488	0.9996213912963867	0.010318768210709095	-0.025508195161819458	0.01296430453658104	-0.994300127029419	0.10582654923200607
-0.7253800630569458	4.310829162597656	-1.34590482711792	0.5090637803077698	0.6385980844497681	1.0	0	0.0	0	0.0	0	-0.02427079901099205	-0.10611716657876968	-0.9940573573112488	0.9996213316917419	0.01031876914203167	-0.02550819329917431	0.012964305467903614	-0.9943000674247742	0.10582654178142548
0.5207866430282593	4.922299861907959	-1.9353290796279907	0.8012409210205078	0.9101612567901611	1.0	0	0.0	0	0.0	0	-0.011562180705368519	-0.96996009349823	-0.24298927187919617	0.9998806118965149	-0.01370724942535162	0.007138935383409262	-0.010255196131765842	-0.24287772178649902	0.9700027704238892
-0.34846341609954834	5.080621719360352	-2.525953769683838	0.7347128391265869	0.8606868982315063	1.0	4	0.0	0	0.0	0	-0.011562180705368519	-0.96996009349823	-0.24298927187919617	0.9998806118965149	-0.01370724942535162	0.007138935849070549	-0.010255196131765842	-0.24287769198417664	0.9700026512145996
0.3825124502182007	5.078030109405518	-2.5503907203674316	0.7902976870536804	0.8581763505935669	1.0	4	0.0	0	0.0	0	-0.011562180705368519	-0.96996009349823	-0.24298927187919617	0.9998806118965149	-0.01370724942535162	0.007138934917747974	-0.010255196131765842	-0.24287769198417664	0.9700026512145996
-0.7253800630569458	4.310829162597656	-1.34590482711792	0.5090637803077698	0.6385980844497681	1.0	0	0.0	0	0.0	0	-0.10280992835760117	-0.5412380695343018	-0.8345606327056885	0.9923564195632935	0.0017626804765313864	-0.1233920231461525	0.06825552880764008	-0.8408675193786621	0.536919891834259
0.3170095682144165	3.707658052444458	-1.0831423997879028	0.5873732566833496	0.6923577785491943	1.0	0	0.0	0	0.0	0	-0.10280992835760117	-0.5412380695343018	-0.8345606327056885	0.9923564195632935	0.0017626764019951224	-0.1233920231461525	0.06825552135705948	-0.8408675193786621	0.536919891834259
-0.5360766649246216	3.6844851970672607	-0.963021993637085	0.52227383852005	0.6942821741104126	1.0	0	0.0	0	0.0	0	-0.10280992835760117	-0.5412380695343018	-0.8345606327056885	0.9923564195632935	0.0017626764019951224	-0.1233920231461525	0.06825552135705948	-0.8408675193786621	0.536919891834259
-0.2775989770889282	4.990227699279785	-2.9267730712890625	0.05507339537143707	0.2445884644985199	1.0	4	0.0	0	0.0	0	-0.9931010603904724	0.044967442750930786	-0.10829698294401169	-0.11515147238969803	-0.5484018325805664	0.8282485604286194	-0.02214604616165161	0.8350050449371338	0.5497965216636658
-0.21267664432525635	5.325904846191406	-3.3827404975891113	0.0120000671595335	0.24696575105190277	1.0	4	0.0	0	0.0	0	-0.9931010603904724	0.044967442750930786	-0.10829698294401169	-0.11515146493911743	-0.5484017729759216	0.8282485008239746	-0.022146044299006462	0.8350051045417786	0.5497965216636658
-0.22907006740570068	5.034634113311768	-3.3533525466918945	0.026014328002929688	0.2278316766023636	1.0	4	0.0	0	0.0	0	-0.9931010603904724	0.044967442750930786	-0.10829698294401169	-0.11515146493911743	-0.5484017729759216	0.8282485008239746	-0.022146044299006462	0.8350051045417786	0.5497965216636658
0.5207866430282593	4.922299861907959	-1.9353290796279907	0.8799728155136108	0.2763873040676117	1.0	0	0.0	0	0.0	0	0.9881808161735535	0.07760041952133179	-0.1322007030248642	-0.15292172133922577	0.5590395927429199	-0.8149170279502869	0.01066751778125763	0.8255016207695007	0.5642989277839661
0.39167797565460205	5.443149566650391	-2.5946640968322754	0.9432234168052673	0.28115901350975037	1.0	4	0.0	0	0.0	0	0.9881808161735535	0.07760041952133179	-0.1322007030248642	-0.15292170643806458	0.5590395331382751	-0.8149169683456421	0.010667510330677032	0.8255016803741455	0.5642989277839661
0.4451788663864136	5.807238578796387	-1.9810364246368408	0.9202095866203308	0.33581265807151794	1.0	0	0.0	0	0.0	0	0.9881808161735535	0.07760041952133179	-0.1322007030248642	-0.15292172133922577	0.5590395927429199	-0.8149170279502869	0.01066751778125763	0.8255016207695007	0.5642989277839661
0.4451788663864136	5.807238578796387	-1.9810364246368408	0.1876690685749054	0.7065483927726746	1.0	0	0.0	0	0.0	0	-0.03357158601284027	0.8582533597946167	-0.5121271014213562	0.99663907289505	0.06705930829048157	0.04704911261796951	0.07472294569015503	-0.5088263750076294	-0.857620120048523
-0.31327903270721436	5.430809497833252	-2.562159538269043	0.12883365154266357	0.7481975555419922	1.0	4	0.0	0	0.0	0	-0.03357158601284027	0.8582533597946167	-0.5121271014213562	0.99663907289505	0.06705931574106216	0.04704912006855011	0.07472296059131622	-0.5088263750076294	-0.857620120048523
-0.42774832248687744	5.766057014465332	-1.9928277730941772	0.12133045494556427	0.7043015956878662	1.0	0	0.0	0	0.0	0	-0.03357158601284027	0.8582533597946167	-0.5121271014213562	0.9966391324996948	0.06705932319164276	0.04704912379384041	0.07472296059131622	-0.5088263750076294	-0.8576201796531677
-0.4771507978439331	4.892547130584717	-1.9595075845718384	0.12094725668430328	0.2832276523113251	1.0	0	0.0	0	0.0	0	-0.977464497089386	0.07792457938194275	-0.19619111716747284	-0.2065691202878952	-0.5445907115936279	0.8128654360771179	-0.043501656502485275	0.8350740075111389	0.5484148859977722
-0.31327903270721436	5.430809497833252	-2.562159538269043	0.05998558551073074	0.2926739454269409	1.0	4	0.0	0	0.0	0	-0.977464497089386	0.07792457938194275	-0.19619111716747284	-0.2065691202878952	-0.5445907115936279	0.8128654360771179	-0.043501656502485275	0.8350740075111389	0.5484148859977722
-0.34846341609954834	5.080621719360352	-2.525953769683838	0.07690879702568054	0.269784152507782	1.0	4	0.0	0	0.0	0	-0.977464497089386	0.07792457938194275	-0.19619111716747284	-0.20656909048557281	-0.5445907115936279	0.8128653168678284	-0.04350167140364647	0.8350740075111389	0.5484148859977722
-0.46353089809417725	5.095767021179199	2.978964328765869	0.790693998336792	0.6327428817749023	1.0	8	0.0	0	0.0	0	-0.03068578615784645	-0.9498184323310852	0.31129324436187744	-0.999121367931366	0.038042403757572174	0.017586475238204002	-0.028546303510665894	-0.3104800581932068	-0.950151264667511
0.21636927127838135	5.2094902992248535	3.3929781913757324	0.7395962476730347	0.596888542175293	1.0	8	0.0	0	0.0	0	-0.03068578615784645	-0.9498184323310852	0.31129324436187744	-0.9991214275360107	0.03804240748286247	0.01758647710084915	-0.028546301648020744	-0.3104800581932068	-0.9501512050628662
-0.39668357372283936	5.2386274337768555	3.421449661254883	0.7862720489501953	0.5954003930091858	1.0	8	0.0	0	0.0	0	-0.03068578615784645	-0.9498184323310852	0.31129324436187744	-0.999121367931366	0.038042403757572174	0.017586473375558853	-0.028546299785375595	-0.3104800581932068	-0.950151264667511
-0.5855420827865601	4.895397663116455	2.0059285163879395	0.7985811233520508	0.7149181365966797	1.0	0	0.0	0	0.0	0	-0.033600449562072754	-0.8612594604492188	0.5070534348487854	-0.9986237287521362	0.04937369003891945	0.017689162865281105	-0.04027005657553673	-0.5057612061500549	-0.8617331385612488
0.38883769512176514	5.1640825271606445	2.5268735885620117	0.725315511226654	0.6697347164154053	1.0	8	0.0	0	0.0	0	-0.033600449562072754	-0.8612594604492188	0.5070534348487854	-0.9986236691474915	0.04937368631362915	0.017689166590571404	-0.040270064026117325	-0.5057612061500549	-0.8617330193519592
-0.5186792612075806	5.192217826843262	2.5145254135131836	0.7943307161331177	0.6721209287643433	1.0	8	0.0	0	0.0	0	-0.033600449562072754	-0.8612594604492188	0.5070534348487854	-0.9986237287521362	0.04937369003891945	0.017689162865281105	-0.04027005657553673	-0.5057612061500549	-0.8617331385612488
0.42349302768707275	5.862247467041016	1.8621716499328613	0.015021247789263725	0.7074332237243652	1.0	0	0.0	0	0.0	0	0.028777441009879112	0.9009722471237183	0.4329214096069336	-0.9994062185287476	0.01772405579686165	0.029546866193413734	0.01894778199493885	-0.43351462483406067	0.9009473323822021
-0.49467504024505615	5.580638885498047	2.509273052215576	0.08609826117753983	0.7628294825553894	1.0	8	0.0	0	0.0	0	0.028777441009879112	0.9009722471237183	0.4329214096069336	-0.9994062185287476	0.01772405579686165	0.029546866193413734	0.01894778199493885	-0.43351462483406067	0.9009473323822021
0.40406906604766846	5.553520202636719	2.5059690475463867	0.01774844154715538	0.764908492565155	1.0	8	0.0	0	0.0	0	0.028777441009879112	0.9009722471237183	0.4329214096069336	-0.9994062185287476	0.01772405579686165	0.029546866193413734	0.01894778199493885	-0.43351462483406067	0.9009473323822021
0.4601184129714966	4.911109447479248	1.878021001815796	0.639052152633667	0.4558051526546478	1.0	0	0.0	0	0.0	0	0.992058277130127	-0.032274987548589706	0.12156740576028824	0.11905834823846817	0.5526644587516785	-0.8248558640480042	-0.04056377336382866	0.8327786922454834	0.5521179437637329
0.40406906604766846	5.553520202636719	2.5059690475463867	0.6266055107116699	0.5302174091339111	1.0	8	0.0	0	0.0	0	0.992058277130127	-0.032274987548589706	0.12156740576028824	0.11905834823846817	0.5526643991470337	-0.8248558640480042	-0.04056376591324806	0.8327786922454834	0.5521178841590881
0.38883769512176514	5.1640825271606445	2.5268735885620117	0.6086904406547546	0.5039399862289429	1.0	8	0.0	0	0.0	0	0.992058277130127	-0.032274987548589706	0.12156740576028824	0.11905834078788757	0.5526643991470337	-0.8248558044433594	-0.04056376963853836	0.8327787518501282	0.5521179437637329
0.5955640077590942	5.725410461425781	1.3603287935256958	0.7067112922668457	0.48867589235305786	1.0	0	0.0	0	0.0	0	0.9700255990028381	-0.00692155584692955	0.2429039180278778	0.20785430073738098	0.5414596199989319	-0.8146276473999023	-0.12588417530059814	0.8406983017921448	0.52666836977005
0.4601184129714966	4.911109447479248	1.878021001815796	0.639052152633667	0.4558051526546478	1.0	0	0.0	0	0.0	0	0.9700255990028381	-0.00692155584692955	0.2429039180278778	0.20785430073738098	0.5414596199989319	-0.8146276473999023	-0.12588417530059814	0.8406983017921448	0.52666836977005
0.5926398038864136	5.041898250579834	1.352529764175415	0.6781487464904785	0.4405311346054077	1.0	0	0.0	0	0.0	0	0.9700255990028381	-0.00692155584692955	0.2429039180278778	0.20785430073738098	0.5414596199989319	-0.8146276473999023	-0.12588417530059814	0.8406983017921448	0.52666836977005
-0.7201143503189087	5.734835624694824	1.3830868005752563	0.1009237989783287	0.6663550734519958	1.0	0	0.0	0	0.0	0	0.0023756076116114855	0.9649818539619446	-0.2623061239719391	-0.9995428323745728	0.0101980771869421	0.02846459671854973	0.030142832547426224	0.26211854815483093	0.9645648002624512
0.42349302768707275	5.862247467041016	1.8621716499328613	0.015021247789263725	0.7074332237243652	1.0	0	0.0	0	0.0	0	0.0023756076116114855	0.9649818539619446	-0.2623061239719391	-0.9995428323745728	0.010198078118264675	0.028464598581194878	0.030142834410071373	0.26211854815483093	0.9645648002624512
0.5955640077590942	5.725410461425781	1.3603287935256958	0.0008383757085539401	0.6675360202789307	1.0	0	0.0	0	0.0	0	0.0023756076116114855	0.9649818539619446	-0.2623061239719391	-0.999542772769928	0.010198078118264675	0.02846459671854973	0.030142836272716522	0.2621185779571533	0.964564859867096
-0.7230385541915894	5.051323413848877	1.3752877712249756	0.8082948327064514	0.7684996128082275	1.0	0	0.0	0	0.0	0	-0.014399074018001556	-0.9713938236236572	-0.23703747987747192	-0.9997937679290771	0.010591629892587662	0.01732831448316574	-0.014322003349661827	0.2372380644083023	-0.9713459014892578
